#NUMBER OF AGES= 1 MAGS= 5
#----------------------------------------------------       
#MIX-LEN  Y      Z          Zeff        [Fe/H] [a/Fe]
# 1.9380  0.2471 1.2790E-03 1.2790E-03  -1.12   0.00 
#----------------------------------------------------       
#**PHOTOMETRIC SYSTEM**: SDSS (AB)
#----------------------------------------------------       
#AGE=10.620 EEPS=268
#EEP   M/Mo    LogTeff  LogG   LogL/Lo sdss_u  sdss_g  sdss_r  sdss_i  sdss_z
  12  0.108712  3.5278  5.3314 -2.7927 18.0850 14.3483 12.6725 11.7800 11.3001
  13  0.121297  3.5323  5.2751 -2.6705 17.5740 13.9631 12.3094 11.4598 10.9967
  14  0.136772  3.5375  5.2171 -2.5396 17.0300 13.5476 11.9195 11.1150 10.6707
  15  0.155513  3.5442  5.1669 -2.4070 16.4609 13.1123 11.5158 10.7612 10.3401
  16  0.174663  3.5517  5.1321 -2.2922 15.9444 12.7183 11.1565 10.4501 10.0535
  17  0.190607  3.5572  5.1074 -2.2075 15.5738 12.4303 10.8956 10.2215  9.8425
  18  0.204185  3.5609  5.0870 -2.1420 15.3044 12.2150 10.7000 10.0468  9.6790
  19  0.217112  3.5640  5.0686 -2.0846 15.0781 12.0305 10.5322  9.8950  9.5363
  20  0.229809  3.5667  5.0523 -2.0330 14.8804 11.8663 10.3822  9.7589  9.4080
  21  0.243431  3.5693  5.0362 -1.9814 14.6842 11.7027 10.2333  9.6229  9.2793
  22  0.260463  3.5723  5.0185 -1.9225 14.4629 11.5174 10.0651  9.4685  9.1331
  23  0.278633  3.5751  5.0020 -1.8654 14.2498 11.3383  9.9023  9.3189  8.9911
  24  0.294496  3.5775  4.9882 -1.8182 14.0751 11.1909  9.7688  9.1957  8.8739
  25  0.305036  3.5789  4.9794 -1.7879 13.9629 11.0964  9.6835  9.1169  8.7988
  26  0.312048  3.5799  4.9738 -1.7688 13.8926 11.0369  9.6298  9.0673  8.7514
  27  0.317443  3.5806  4.9699 -1.7545 13.8397 10.9924  9.5896  9.0300  8.7160
  28  0.321449  3.5811  4.9669 -1.7439 13.8002 10.9591  9.5596  9.0023  8.6895
  29  0.324946  3.5816  4.9642 -1.7345 13.7650 10.9295  9.5332  8.9779  8.6663
  30  0.328481  3.5822  4.9615 -1.7250 13.7293 10.8994  9.5064  8.9532  8.6429
  31  0.332518  3.5828  4.9585 -1.7143 13.6888 10.8655  9.4760  8.9252  8.6163
  32  0.337447  3.5834  4.9547 -1.7013 13.6396 10.8242  9.4392  8.8912  8.5840
  33  0.343283  3.5843  4.9496 -1.6854 13.5801 10.7742  9.3945  8.8498  8.5447
  34  0.352702  3.5857  4.9409 -1.6591 13.4795 10.6914  9.3218  8.7819  8.4795
  35  0.389980  3.5935  4.8991 -1.5432 13.0188 10.3094  8.9878  8.4775  8.1927
  36  0.413416  3.5991  4.8705 -1.4662 12.7058 10.0510  8.7673  8.2760  8.0024
  37  0.426521  3.6028  4.8528 -1.4198 12.5147  9.8920  8.6332  8.1541  7.8879
  38  0.436365  3.6061  4.8385 -1.3827 12.3615  9.7631  8.5255  8.0568  7.7967
  39  0.447207  3.6099  4.8236 -1.3420 12.1907  9.6197  8.4067  7.9498  7.6965
  40  0.457898  3.6141  4.8090 -1.3009 12.0162  9.4728  8.2861  7.8418  7.5961
  41  0.468382  3.6185  4.7952 -1.2594 11.8371  9.3218  8.1637  7.7330  7.4953
  42  0.478960  3.6234  4.7818 -1.2166 11.6491  9.1628  8.0361  7.6205  7.3920
  43  0.489395  3.6286  4.7694 -1.1738 11.4600  9.0014  7.9076  7.5080  7.2892
  44  0.499806  3.6342  4.7579 -1.1307 11.2680  8.8369  7.7776  7.3950  7.1864
  45  0.510420  3.6405  4.7477 -1.0863 11.0609  8.6611  7.6412  7.2779  7.0811
  46  0.520446  3.6470  4.7394 -1.0438 10.8490  8.4864  7.5082  7.1652  6.9806
  47  0.530091  3.6535  4.7324 -1.0026 10.6285  8.3155  7.3796  7.0561  6.8834
  48  0.539400  3.6600  4.7262 -0.9630 10.4024  8.1513  7.2570  6.9513  6.7898
  49  0.548340  3.6662  4.7205 -0.9252 10.1777  7.9968  7.1416  6.8516  6.7002
  50  0.557089  3.6723  4.7151 -0.8884  9.9508  7.8479  7.0304  6.7548  6.6129
  51  0.566026  3.6787  4.7099 -0.8508  9.7169  7.6989  6.9185  6.6565  6.5239
  52  0.570992  3.6822  4.7070 -0.8299  9.5872  7.6175  6.8569  6.6022  6.4747
  53  0.575907  3.6857  4.7042 -0.8094  9.4606  7.5384  6.7966  6.5487  6.4262
  54  0.580801  3.6892  4.7012 -0.7889  9.3346  7.4607  6.7371  6.4957  6.3782
  55  0.585695  3.6926  4.6981 -0.7685  9.2077  7.3849  6.6789  6.4438  6.3309
  56  0.590606  3.6960  4.6949 -0.7482  9.0756  7.3096  6.6213  6.3925  6.2840
  57  0.595526  3.6993  4.6914 -0.7279  8.9453  7.2356  6.5645  6.3416  6.2375
  58  0.600409  3.7026  4.6880 -0.7076  8.8285  7.1639  6.5080  6.2910  6.1912
  59  0.605250  3.7058  4.6844 -0.6877  8.7219  7.0938  6.4519  6.2405  6.1452
  60  0.610043  3.7090  4.6806 -0.6680  8.6241  7.0266  6.3973  6.1911  6.1000
  61  0.614795  3.7121  4.6769 -0.6484  8.5200  6.9596  6.3435  6.1426  6.0557
  62  0.619522  3.7151  4.6729 -0.6291  8.4171  6.8945  6.2913  6.0953  6.0121
  63  0.624235  3.7181  4.6689 -0.6097  8.3124  6.8298  6.2394  6.0482  5.9687
  64  0.628935  3.7211  4.6646 -0.5905  8.2120  6.7672  6.1884  6.0016  5.9255
  65  0.633636  3.7240  4.6604 -0.5712  8.1118  6.7047  6.1373  5.9548  5.8822
  66  0.638345  3.7268  4.6558 -0.5521  8.0159  6.6433  6.0871  5.9087  5.8395
  67  0.643081  3.7297  4.6512 -0.5327  7.9204  6.5812  6.0367  5.8627  5.7970
  68  0.647884  3.7325  4.6460 -0.5132  7.8278  6.5197  5.9863  5.8168  5.7545
  69  0.652741  3.7354  4.6410 -0.4934  7.7337  6.4570  5.9353  5.7704  5.7114
  70  0.657629  3.7381  4.6353 -0.4736  7.6435  6.3956  5.8847  5.7240  5.6683
  71  0.662510  3.7409  4.6298 -0.4536  7.5522  6.3336  5.8339  5.6775  5.6251
  72  0.667332  3.7435  4.6238 -0.4339  7.4665  6.2741  5.7845  5.6322  5.5825
  73  0.672047  3.7462  4.6179 -0.4146  7.3827  6.2156  5.7360  5.5876  5.5410
  74  0.676626  3.7486  4.6120 -0.3959  7.3030  6.1592  5.6891  5.5444  5.5007
  75  0.681042  3.7509  4.6059 -0.3778  7.2289  6.1055  5.6442  5.5030  5.4618
  76  0.685273  3.7532  4.6002 -0.3604  7.1576  6.0536  5.6008  5.4630  5.4243
  77  0.689299  3.7551  4.5942 -0.3439  7.0930  6.0054  5.5601  5.4252  5.3887
  78  0.693110  3.7572  4.5887 -0.3281  7.0309  5.9590  5.5210  5.3892  5.3548
  79  0.696715  3.7589  4.5830 -0.3132  6.9749  5.9160  5.4845  5.3552  5.3228
  80  0.700133  3.7606  4.5778 -0.2989  6.9203  5.8744  5.4493  5.3227  5.2921
  81  0.703385  3.7621  4.5723 -0.2853  6.8712  5.8358  5.4161  5.2918  5.2629
  82  0.707720  3.7642  4.5651 -0.2671  6.8049  5.7834  5.3713  5.2500  5.2236
  83  0.711987  3.7662  4.5576 -0.2490  6.7405  5.7319  5.3270  5.2086  5.1844
  84  0.716231  3.7682  4.5500 -0.2308  6.6767  5.6804  5.2826  5.1673  5.1452
  85  0.720484  3.7701  4.5421 -0.2126  6.6136  5.6290  5.2382  5.1257  5.1059
  86  0.724774  3.7721  4.5340 -0.1942  6.5501  5.5770  5.1933  5.0837  5.0659
  87  0.729115  3.7741  4.5256 -0.1753  6.4851  5.5243  5.1478  5.0411  5.0254
  88  0.733512  3.7760  4.5168 -0.1562  6.4200  5.4712  5.1019  4.9980  4.9843
  89  0.737965  3.7780  4.5077 -0.1367  6.3542  5.4171  5.0550  4.9540  4.9425
  90  0.742468  3.7799  4.4983 -0.1167  6.2881  5.3618  5.0068  4.9089  4.8993
  91  0.746975  3.7818  4.4884 -0.0966  6.2248  5.3064  4.9580  4.8629  4.8554
  92  0.751455  3.7837  4.4782 -0.0764  6.1628  5.2508  4.9085  4.8162  4.8108
  93  0.755873  3.7855  4.4679 -0.0561  6.1022  5.1949  4.8585  4.7690  4.7658
  94  0.760201  3.7873  4.4573 -0.0360  6.0434  5.1401  4.8092  4.7223  4.7211
  95  0.764420  3.7890  4.4466 -0.0162  5.9851  5.0860  4.7605  4.6761  4.6768
  96  0.768521  3.7906  4.4357  0.0034  5.9276  5.0328  4.7126  4.6307  4.6333
  97  0.772499  3.7921  4.4249  0.0227  5.8713  4.9809  4.6659  4.5864  4.5906
  98  0.776356  3.7936  4.4141  0.0417  5.8155  4.9293  4.6197  4.5425  4.5485
  99  0.780096  3.7949  4.4031  0.0602  5.7621  4.8796  4.5747  4.4997  4.5072
 100  0.783733  3.7964  4.3922  0.0787  5.7086  4.8294  4.5298  4.4571  4.4661
 101  0.787245  3.7975  4.3810  0.0966  5.6587  4.7816  4.4862  4.4154  4.4258
 102  0.790622  3.7989  4.3702  0.1146  5.6079  4.7331  4.4424  4.3738  4.3858
 103  0.793890  3.8000  4.3590  0.1320  5.5601  4.6867  4.3997  4.3330  4.3462
 104  0.797064  3.8012  4.3479  0.1493  5.5124  4.6402  4.3573  4.2924  4.3069
 105  0.800137  3.8023  4.3369  0.1665  5.4653  4.5942  4.3152  4.2522  4.2680
 106  0.803101  3.8033  4.3258  0.1836  5.4192  4.5489  4.2735  4.2123  4.2294
 107  0.805961  3.8044  4.3148  0.2004  5.3739  4.5040  4.2323  4.1728  4.1911
 108  0.808721  3.8055  4.3040  0.2171  5.3289  4.4595  4.1914  4.1336  4.1532
 109  0.811385  3.8066  4.2932  0.2334  5.2850  4.4158  4.1511  4.0950  4.1157
 110  0.813967  3.8077  4.2827  0.2497  5.2413  4.3723  4.1112  4.0567  4.0788
 111  0.816495  3.8087  4.2721  0.2658  5.1985  4.3294  4.0716  4.0187  4.0421
 112  0.817339  3.8090  4.2684  0.2713  5.1840  4.3148  4.0582  4.0058  4.0295
 113  0.818180  3.8093  4.2646  0.2768  5.1696  4.3002  4.0446  3.9927  4.0168
 114  0.819018  3.8096  4.2606  0.2824  5.1552  4.2855  4.0308  3.9794  4.0038
 115  0.819855  3.8098  4.2563  0.2880  5.1407  4.2707  4.0169  3.9660  3.9906
 116  0.820687  3.8100  4.2520  0.2937  5.1262  4.2559  4.0028  3.9523  3.9771
 117  0.821517  3.8103  4.2475  0.2994  5.1118  4.2408  3.9885  3.9384  3.9636
 118  0.822343  3.8104  4.2429  0.3052  5.0971  4.2257  3.9741  3.9242  3.9497
 119  0.823167  3.8106  4.2381  0.3111  5.0826  4.2105  3.9596  3.9100  3.9356
 120  0.823986  3.8108  4.2332  0.3170  5.0678  4.1952  3.9449  3.8955  3.9213
 121  0.824803  3.8109  4.2282  0.3230  5.0530  4.1799  3.9300  3.8810  3.9069
 122  0.825616  3.8110  4.2231  0.3291  5.0383  4.1643  3.9150  3.8663  3.8924
 123  0.826426  3.8111  4.2179  0.3351  5.0232  4.1488  3.8998  3.8513  3.8775
 124  0.827229  3.8112  4.2125  0.3413  5.0082  4.1330  3.8846  3.8361  3.8625
 125  0.828031  3.8113  4.2071  0.3474  4.9931  4.1173  3.8691  3.8209  3.8474
 126  0.828829  3.8113  4.2015  0.3536  4.9780  4.1014  3.8536  3.8056  3.8321
 127  0.829624  3.8113  4.1959  0.3598  4.9627  4.0855  3.8380  3.7900  3.8166
 128  0.830418  3.8114  4.1902  0.3662  4.9474  4.0695  3.8222  3.7743  3.8009
 129  0.831206  3.8115  4.1843  0.3725  4.9322  4.0534  3.8062  3.7585  3.7851
 130  0.831989  3.8115  4.1783  0.3788  4.9168  4.0373  3.7902  3.7425  3.7691
 131  0.832769  3.8114  4.1720  0.3853  4.9014  4.0210  3.7741  3.7263  3.7530
 132  0.833543  3.8113  4.1657  0.3918  4.8860  4.0048  3.7577  3.7099  3.7365
 133  0.834312  3.8112  4.1591  0.3983  4.8706  3.9886  3.7412  3.6933  3.7198
 134  0.835076  3.8111  4.1524  0.4050  4.8552  3.9722  3.7246  3.6765  3.7029
 135  0.835833  3.8109  4.1455  0.4115  4.8396  3.9558  3.7078  3.6595  3.6857
 136  0.836584  3.8107  4.1385  0.4183  4.8241  3.9393  3.6909  3.6424  3.6683
 137  0.837329  3.8105  4.1313  0.4249  4.8086  3.9228  3.6738  3.6250  3.6507
 138  0.838067  3.8102  4.1239  0.4318  4.7929  3.9062  3.6566  3.6074  3.6329
 139  0.838799  3.8099  4.1162  0.4386  4.7773  3.8895  3.6391  3.5897  3.6147
 140  0.839523  3.8096  4.1084  0.4455  4.7618  3.8729  3.6216  3.5716  3.5963
 141  0.840238  3.8092  4.1003  0.4524  4.7463  3.8562  3.6039  3.5535  3.5778
 142  0.840946  3.8088  4.0921  0.4594  4.7309  3.8395  3.5862  3.5351  3.5589
 143  0.841645  3.8084  4.0835  0.4664  4.7155  3.8228  3.5682  3.5164  3.5397
 144  0.842334  3.8078  4.0747  0.4735  4.7002  3.8061  3.5500  3.4976  3.5202
 145  0.843014  3.8073  4.0657  0.4806  4.6850  3.7894  3.5317  3.4785  3.5005
 146  0.843684  3.8066  4.0563  0.4878  4.6698  3.7728  3.5133  3.4591  3.4804
 147  0.844344  3.8059  4.0466  0.4950  4.6549  3.7561  3.4947  3.4394  3.4601
 148  0.844994  3.8051  4.0365  0.5023  4.6401  3.7397  3.4759  3.4196  3.4393
 149  0.845634  3.8043  4.0262  0.5095  4.6256  3.7233  3.4570  3.3995  3.4182
 150  0.846262  3.8033  4.0155  0.5169  4.6114  3.7071  3.4381  3.3791  3.3966
 151  0.846879  3.8023  4.0044  0.5242  4.5974  3.6910  3.4189  3.3584  3.3748
 152  0.847485  3.8012  3.9927  0.5316  4.5838  3.6752  3.3997  3.3375  3.3526
 153  0.848078  3.8000  3.9806  0.5390  4.5708  3.6595  3.3805  3.3165  3.3301
 154  0.848659  3.7986  3.9681  0.5464  4.5584  3.6442  3.3612  3.2952  3.3072
 155  0.849231  3.7972  3.9551  0.5538  4.5466  3.6290  3.3420  3.2738  3.2842
 156  0.849790  3.7955  3.9412  0.5612  4.5360  3.6145  3.3227  3.2520  3.2605
 157  0.850335  3.7935  3.9261  0.5686  4.5275  3.6013  3.3034  3.2298  3.2360
 158  0.850866  3.7911  3.9096  0.5758  4.5209  3.5893  3.2844  3.2073  3.2107
 159  0.851387  3.7884  3.8922  0.5830  4.5148  3.5785  3.2659  3.1849  3.1852
 160  0.851901  3.7857  3.8741  0.5901  4.5097  3.5686  3.2481  3.1627  3.1596
 161  0.852407  3.7825  3.8551  0.5971  4.5082  3.5596  3.2299  3.1399  3.1331
 162  0.852857  3.7797  3.8378  0.6033  4.5121  3.5520  3.2125  3.1183  3.1086
 163  0.853306  3.7767  3.8199  0.6092  4.5199  3.5460  3.1952  3.0963  3.0833
 164  0.853756  3.7733  3.8012  0.6150  4.5289  3.5415  3.1790  3.0752  3.0586
 165  0.854206  3.7698  3.7817  0.6205  4.5396  3.5388  3.1643  3.0550  3.0343
 166  0.854652  3.7659  3.7612  0.6258  4.5547  3.5379  3.1500  3.0348  3.0096
 167  0.855093  3.7618  3.7389  0.6313  4.5753  3.5387  3.1357  3.0139  2.9838
 168  0.855523  3.7574  3.7159  0.6372  4.5976  3.5387  3.1202  2.9918  2.9567
 169  0.855938  3.7535  3.6933  0.6445  4.6167  3.5351  3.1023  2.9677  2.9281
 170  0.856326  3.7501  3.6714  0.6530  4.6304  3.5270  3.0814  2.9415  2.8978
 171  0.856684  3.7471  3.6501  0.6626  4.6377  3.5146  3.0581  2.9135  2.8663
 172  0.857010  3.7446  3.6296  0.6731  4.6393  3.4987  3.0328  2.8842  2.8341
 173  0.857310  3.7425  3.6101  0.6841  4.6355  3.4797  3.0059  2.8539  2.8012
 174  0.857587  3.7406  3.5914  0.6957  4.6273  3.4584  2.9779  2.8230  2.7680
 175  0.857846  3.7390  3.5734  0.7075  4.6159  3.4355  2.9490  2.7917  2.7349
 176  0.858090  3.7377  3.5560  0.7195  4.6014  3.4111  2.9196  2.7602  2.7016
 177  0.858322  3.7366  3.5393  0.7318  4.5844  3.3854  2.8898  2.7285  2.6685
 178  0.858546  3.7355  3.5229  0.7442  4.5660  3.3593  2.8596  2.6968  2.6354
 179  0.858761  3.7346  3.5070  0.7565  4.5459  3.3323  2.8293  2.6649  2.6025
 180  0.858972  3.7337  3.4912  0.7690  4.5252  3.3051  2.7989  2.6331  2.5696
 181  0.859177  3.7330  3.4757  0.7814  4.5034  3.2774  2.7684  2.6014  2.5367
 182  0.859411  3.7321  3.4582  0.7958  4.4776  3.2453  2.7330  2.5646  2.4989
 183  0.859644  3.7313  3.4404  0.8105  4.4504  3.2122  2.6969  2.5273  2.4607
 184  0.859876  3.7306  3.4228  0.8254  4.4222  3.1784  2.6604  2.4896  2.4220
 185  0.860107  3.7299  3.4052  0.8405  4.3929  3.1438  2.6234  2.4514  2.3830
 186  0.860338  3.7293  3.3875  0.8556  4.3631  3.1090  2.5861  2.4131  2.3438
 187  0.860568  3.7287  3.3700  0.8709  4.3323  3.0735  2.5484  2.3743  2.3043
 188  0.860798  3.7281  3.3522  0.8864  4.3009  3.0376  2.5104  2.3353  2.2645
 189  0.861027  3.7276  3.3346  0.9020  4.2690  3.0014  2.4721  2.2960  2.2246
 190  0.861256  3.7270  3.3168  0.9177  4.2364  2.9646  2.4333  2.2563  2.1842
 191  0.861484  3.7265  3.2989  0.9337  4.2030  2.9272  2.3940  2.2162  2.1433
 192  0.861710  3.7260  3.2808  0.9498  4.1693  2.8894  2.3545  2.1758  2.1023
 193  0.861937  3.7255  3.2627  0.9661  4.1350  2.8511  2.3144  2.1349  2.0607
 194  0.862162  3.7250  3.2444  0.9825  4.1000  2.8122  2.2739  2.0937  2.0188
 195  0.862385  3.7245  3.2256  0.9994  4.0640  2.7723  2.2323  2.0513  1.9757
 196  0.862602  3.7240  3.2061  1.0169  4.0265  2.7308  2.1892  2.0073  1.9311
 197  0.862815  3.7235  3.1859  1.0353  3.9870  2.6874  2.1441  1.9615  1.8847
 198  0.863021  3.7229  3.1648  1.0544  3.9463  2.6423  2.0973  1.9138  1.8363
 199  0.863224  3.7224  3.1431  1.0739  3.9044  2.5959  2.0491  1.8648  1.7865
 200  0.863421  3.7218  3.1208  1.0941  3.8611  2.5482  1.9995  1.8142  1.7352
 201  0.863611  3.7212  3.0977  1.1149  3.8168  2.4989  1.9484  1.7623  1.6824
 202  0.863796  3.7206  3.0740  1.1363  3.7712  2.4484  1.8960  1.7088  1.6282
 203  0.863975  3.7199  3.0497  1.1582  3.7249  2.3968  1.8423  1.6542  1.5727
 204  0.864149  3.7193  3.0250  1.1804  3.6777  2.3440  1.7876  1.5983  1.5160
 205  0.864319  3.7187  2.9997  1.2031  3.6306  2.2907  1.7317  1.5415  1.4583
 206  0.864483  3.7179  2.9736  1.2263  3.5841  2.2367  1.6749  1.4835  1.3992
 207  0.864642  3.7172  2.9470  1.2497  3.5375  2.1822  1.6173  1.4245  1.3392
 208  0.864797  3.7164  2.9201  1.2735  3.4903  2.1269  1.5588  1.3646  1.2782
 209  0.864947  3.7155  2.8926  1.2978  3.4426  2.0711  1.4995  1.3039  1.2164
 210  0.865091  3.7146  2.8648  1.3222  3.3946  2.0145  1.4395  1.2423  1.1537
 211  0.865229  3.7137  2.8365  1.3470  3.3460  1.9575  1.3789  1.1801  1.0902
 212  0.865363  3.7128  2.8078  1.3721  3.2968  1.8999  1.3175  1.1172  1.0260
 213  0.865493  3.7119  2.7787  1.3975  3.2472  1.8419  1.2557  1.0535  0.9611
 214  0.865617  3.7108  2.7489  1.4231  3.1968  1.7840  1.1937  0.9896  0.8955
 215  0.865736  3.7098  2.7192  1.4489  3.1436  1.7250  1.1310  0.9251  0.8295
 216  0.865850  3.7088  2.6889  1.4750  3.0907  1.6661  1.0681  0.8602  0.7629
 217  0.865871  3.7086  2.6834  1.4796  3.0813  1.6555  1.0569  0.8486  0.7511
 218  0.865890  3.7084  2.6781  1.4843  3.0719  1.6450  1.0457  0.8371  0.7392
 219  0.865909  3.7082  2.6726  1.4890  3.0623  1.6344  1.0343  0.8254  0.7272
 220  0.865929  3.7080  2.6671  1.4937  3.0528  1.6238  1.0229  0.8137  0.7151
 221  0.865949  3.7079  2.6617  1.4984  3.0431  1.6131  1.0116  0.8019  0.7030
 222  0.865968  3.7077  2.6562  1.5032  3.0335  1.6023  1.0001  0.7901  0.6910
 223  0.865987  3.7075  2.6507  1.5080  3.0238  1.5914  0.9885  0.7781  0.6787
 224  0.866006  3.7073  2.6451  1.5128  3.0142  1.5807  0.9769  0.7661  0.6665
 225  0.866025  3.7070  2.6395  1.5176  3.0044  1.5698  0.9653  0.7542  0.6542
 226  0.866044  3.7068  2.6340  1.5224  2.9946  1.5589  0.9537  0.7422  0.6418
 227  0.866218  3.7049  2.5799  1.5689  2.9026  1.4545  0.8418  0.6266  0.5233
 228  0.866377  3.7030  2.5255  1.6153  2.8148  1.3508  0.7295  0.5106  0.4042
 229  0.866523  3.7008  2.4703  1.6620  2.7369  1.2479  0.6165  0.3937  0.2842
 230  0.866653  3.6986  2.4146  1.7089  2.6633  1.1454  0.5030  0.2760  0.1635
 231  0.866771  3.6961  2.3563  1.7574  2.5927  1.0411  0.3864  0.1546  0.0387
 232  0.866878  3.6940  2.3048  1.8002  2.5293  0.9488  0.2833  0.0474 -0.0716
 233  0.866977  3.6918  2.2555  1.8412  2.4668  0.8609  0.1856 -0.0544 -0.1765
 234  0.867067  3.6901  2.2122  1.8772  2.4114  0.7835  0.0999 -0.1438 -0.2686
 235  0.867153  3.6889  2.1839  1.9011  2.3713  0.7309  0.0423 -0.2034 -0.3298
 236  0.867237  3.6897  2.1956  1.8927  2.3741  0.7454  0.0607 -0.1833 -0.3085
 237  0.867330  3.6893  2.1772  1.9096  2.3371  0.7054  0.0190 -0.2259 -0.3515
 238  0.867421  3.6863  2.1130  1.9619  2.2647  0.5965 -0.1039 -0.3547 -0.4850
 239  0.867501  3.6837  2.0544  2.0100  2.1984  0.4961 -0.2171 -0.4732 -0.6077
 240  0.867573  3.6812  1.9992  2.0552  2.1389  0.4026 -0.3232 -0.5844 -0.7229
 241  0.867638  3.6789  1.9504  2.0948  2.0934  0.3228 -0.4151 -0.6813 -0.8233
 242  0.867699  3.6769  1.9111  2.1265  2.0616  0.2599 -0.4883 -0.7586 -0.9036
 243  0.867757  3.6743  1.8553  2.1716  2.0109  0.1696 -0.5928 -0.8689 -1.0183
 244  0.867808  3.6716  1.7983  2.2176  1.9622  0.0783 -0.6991 -0.9812 -1.1351
 245  0.867855  3.6689  1.7429  2.2623  1.9182 -0.0093 -0.8018 -1.0900 -1.2484
 246  0.867898  3.6661  1.6877  2.3066  1.8777 -0.0955 -0.9034 -1.1978 -1.3607
 247  0.867936  3.6634  1.6333  2.3504  1.8398 -0.1796 -1.0030 -1.3038 -1.4711
 248  0.867970  3.6608  1.5802  2.3930  1.8053 -0.2608 -1.0998 -1.4068 -1.5787
 249  0.868001  3.6583  1.5297  2.4333  1.7763 -0.3361 -1.1904 -1.5036 -1.6800
 250  0.868029  3.6557  1.4793  2.4732  1.7518 -0.4091 -1.2793 -1.5991 -1.7800
 251  0.868055  3.6530  1.4300  2.5120  1.7312 -0.4785 -1.3648 -1.6914 -1.8771
 252  0.868079  3.6504  1.3819  2.5497  1.7145 -0.5447 -1.4474 -1.7805 -1.9711
 253  0.868100  3.6478  1.3342  2.5870  1.7020 -0.6086 -1.5281 -1.8681 -2.0637
 254  0.868121  3.6452  1.2873  2.6233  1.6931 -0.6698 -1.6063 -1.9535 -2.1540
 255  0.868139  3.6426  1.2414  2.6589  1.6878 -0.7282 -1.6823 -2.0365 -2.2420
 256  0.868157  3.6400  1.1960  2.6939  1.6855 -0.7843 -1.7564 -2.1179 -2.3284
 257  0.868172  3.6374  1.1517  2.7280  1.6861 -0.8378 -1.8280 -2.1967 -2.4122
 258  0.868186  3.6349  1.1084  2.7613  1.6890 -0.8892 -1.8975 -2.2736 -2.4940
 259  0.868200  3.6325  1.0656  2.7941  1.6940 -0.9386 -1.9654 -2.3488 -2.5742
 260  0.868212  3.6299  1.0238  2.8261  1.7015 -0.9857 -2.0311 -2.4218 -2.6522
 261  0.868225  3.6275  0.9825  2.8573  1.7116 -1.0306 -2.0948 -2.4929 -2.7283
 262  0.868235  3.6250  0.9419  2.8880  1.7242 -1.0733 -2.1565 -2.5621 -2.8025
 263  0.868246  3.6225  0.9022  2.9180  1.7383 -1.1138 -2.2164 -2.6294 -2.8749
 264  0.868255  3.6201  0.8633  2.9473  1.7549 -1.1524 -2.2743 -2.6950 -2.9456
 265  0.868264  3.6178  0.8249  2.9761  1.7745 -1.1883 -2.3304 -2.7588 -3.0144
 266  0.868273  3.6155  0.7877  3.0042  1.7951 -1.2224 -2.3845 -2.8206 -3.0813
 267  0.868280  3.6132  0.7508  3.0318  1.8171 -1.2550 -2.4374 -2.8812 -3.1472
 268  0.868287  3.6109  0.7148  3.0588  1.8390 -1.2863 -2.4889 -2.9403 -3.2112
 269  0.868294  3.6087  0.6798  3.0852  1.8602 -1.3167 -2.5392 -2.9980 -3.2738
 270  0.868301  3.6066  0.6452  3.1112  1.8819 -1.3458 -2.5883 -3.0544 -3.3351
 271  0.868306  3.6045  0.6117  3.1364  1.9033 -1.3737 -2.6358 -3.1092 -3.3947
 272  0.868312  3.6024  0.5787  3.1612  1.9247 -1.4005 -2.6821 -3.1628 -3.4531
 273  0.868318  3.6005  0.5465  3.1856  1.9457 -1.4264 -2.7273 -3.2153 -3.5104
 274  0.868323  3.5985  0.5150  3.2091  1.9713 -1.4486 -2.7700 -3.2657 -3.5658
 275  0.868328  3.5966  0.4842  3.2323  1.9978 -1.4692 -2.8112 -3.3149 -3.6201
 276  0.868333  3.5947  0.4536  3.2549  2.0267 -1.4873 -2.8502 -3.3620 -3.6727
 277  0.868337  3.5927  0.4241  3.2768  2.0552 -1.5041 -2.8878 -3.4076 -3.7235
 278  0.868341  3.5909  0.3961  3.2979  2.0786 -1.5221 -2.9251 -3.4520 -3.7726
 279  0.868437  3.5896  0.3722  3.3160  2.0969 -1.5385 -2.9577 -3.4905 -3.8152
