#NUMBER OF AGES= 1 MAGS= 5
#----------------------------------------------------       
#MIX-LEN  Y      Z          Zeff        [Fe/H] [a/Fe]
# 1.9380  0.2452 9.7097E-05 9.7097E-05  -2.32   0.00 
#----------------------------------------------------       
#**PHOTOMETRIC SYSTEM**: SDSS (AB)
#----------------------------------------------------       
#AGE= 5.000 EEPS=270
#EEP   M/Mo    LogTeff  LogG   LogL/Lo sdss_u  sdss_g  sdss_r  sdss_i  sdss_z
   9  0.105069  3.5476  5.3827 -2.7795 17.6078 13.8782 12.2324 11.5601 11.1918
  10  0.114290  3.5578  5.3413 -2.6608 16.8940 13.4655 11.8860 11.2633 10.9151
  11  0.124646  3.5682  5.2989 -2.5392 16.2067 13.0401 11.5375 10.9566 10.6271
  12  0.138143  3.5792  5.2533 -2.4051 15.4793 12.5725 11.1609 10.6174 10.3057
  13  0.156577  3.5895  5.2078 -2.2639 14.7742 12.0928 10.7726 10.2602  9.9643
  14  0.178130  3.5975  5.1690 -2.1375 14.2394 11.6852 10.4304  9.9394  9.6553
  15  0.200240  3.6035  5.1351 -2.0288 13.7976 11.3441 10.1390  9.6639  9.3889
  16  0.219247  3.6080  5.1083 -1.9450 13.4651 11.0839  9.9145  9.4508  9.1826
  17  0.233259  3.6110  5.0896 -1.8869 13.2441 10.9065  9.7596  9.3033  9.0398
  18  0.253660  3.6148  5.0665 -1.8124 12.9677 10.6795  9.5601  9.1134  8.8560
  19  0.269588  3.6175  5.0499 -1.7582 12.7697 10.5151  9.4149  8.9749  8.7221
  20  0.286687  3.6202  5.0345 -1.7052 12.5782 10.3551  9.2729  8.8397  8.5912
  21  0.305248  3.6229  5.0191 -1.6518 12.3853 10.1934  9.1295  8.7030  8.4591
  22  0.317847  3.6246  5.0101 -1.6181 12.2628 10.0916  9.0389  8.6168  8.3758
  23  0.326804  3.6258  5.0043 -1.5954 12.1807 10.0235  8.9782  8.5589  8.3199
  24  0.334807  3.6269  4.9987 -1.5750 12.1071  9.9624  8.9235  8.5068  8.2695
  25  0.342827  3.6280  4.9936 -1.5554 12.0350  9.9032  8.8707  8.4566  8.2210
  26  0.350998  3.6291  4.9887 -1.5359 11.9623  9.8438  8.8181  8.4066  8.1728
  27  0.357418  3.6299  4.9855 -1.5213 11.9070  9.7991  8.7785  8.3691  8.1368
  28  0.362625  3.6307  4.9827 -1.5094 11.8615  9.7625  8.7463  8.3387  8.1076
  29  0.367345  3.6315  4.9797 -1.4980 11.8180  9.7275  8.7154  8.3094  8.0795
  30  0.372695  3.6323  4.9758 -1.4847 11.7667  9.6864  8.6791  8.2751  8.0467
  31  0.379713  3.6335  4.9701 -1.4664 11.6960  9.6302  8.6296  8.2284  8.0018
  32  0.398273  3.6373  4.9529 -1.4141 11.4857  9.4659  8.4863  8.0941  7.8737
  33  0.459583  3.6525  4.8902 -1.2267 10.7046  8.8522  7.9635  7.6092  7.4144
  34  0.470962  3.6562  4.8773 -1.1881 10.5319  8.7254  7.8562  7.5103  7.3215
  35  0.483857  3.6611  4.8627 -1.1424 10.3202  8.5709  7.7275  7.3929  7.2118
  36  0.493989  3.6651  4.8514 -1.1061 10.1498  8.4481  7.6255  7.3001  7.1255
  37  0.506887  3.6709  4.8385 -1.0587  9.9158  8.2829  7.4908  7.1788  7.0136
  38  0.516722  3.6755  4.8290 -1.0223  9.7352  8.1570  7.3883  7.0867  6.9287
  39  0.525344  3.6797  4.8207 -0.9900  9.5741  8.0456  7.2979  7.0056  6.8542
  40  0.534238  3.6842  4.8125 -0.9567  9.4061  7.9305  7.2048  6.9223  6.7777
  41  0.544869  3.6896  4.8030 -0.9171  9.2082  7.7947  7.0952  6.8244  6.6879
  42  0.558226  3.6965  4.7917 -0.8674  8.9642  7.6261  6.9590  6.7028  6.5765
  43  0.573092  3.7046  4.7796 -0.8116  8.6925  7.4385  6.8082  6.5685  6.4537
  44  0.588823  3.7132  4.7671 -0.7528  8.4130  7.2436  6.6516  6.4289  6.3261
  45  0.604699  3.7218  4.7544 -0.6942  8.1477  7.0542  6.4987  6.2924  6.2011
  46  0.620150  3.7300  4.7418 -0.6380  7.9053  6.8766  6.3539  6.1623  6.0815
  47  0.635347  3.7380  4.7294 -0.5830  7.6802  6.7068  6.2145  6.0368  5.9659
  48  0.650327  3.7457  4.7168 -0.5296  7.4692  6.5432  6.0799  5.9159  5.8547
  49  0.664904  3.7530  4.7039 -0.4780  7.2766  6.3893  5.9515  5.7997  5.7472
  50  0.678565  3.7596  4.6915 -0.4300  7.1017  6.2473  5.8334  5.6931  5.6488
  51  0.691040  3.7657  4.6801 -0.3865  6.9472  6.1195  5.7272  5.5972  5.5603
  52  0.696809  3.7685  4.6748 -0.3665  6.8789  6.0618  5.6783  5.5528  5.5191
  53  0.702479  3.7712  4.6697 -0.3469  6.8131  6.0054  5.6306  5.5092  5.4787
  54  0.708059  3.7739  4.6648 -0.3277  6.7491  5.9501  5.5838  5.4667  5.4393
  55  0.713568  3.7766  4.6601 -0.3088  6.6867  5.8956  5.5377  5.4248  5.4006
  56  0.719024  3.7793  4.6554 -0.2901  6.6254  5.8421  5.4924  5.3837  5.3625
  57  0.724437  3.7820  4.6508 -0.2715  6.5652  5.7891  5.4477  5.3430  5.3249
  58  0.729820  3.7847  4.6462 -0.2531  6.5060  5.7366  5.4034  5.3029  5.2878
  59  0.735174  3.7872  4.6414 -0.2349  6.4478  5.6847  5.3597  5.2632  5.2512
  60  0.740499  3.7898  4.6366 -0.2167  6.3910  5.6331  5.3162  5.2239  5.2149
  61  0.745793  3.7922  4.6316 -0.1987  6.3358  5.5823  5.2731  5.1846  5.1785
  62  0.751057  3.7946  4.6264 -0.1809  6.2824  5.5322  5.2300  5.1452  5.1419
  63  0.756253  3.7969  4.6211 -0.1632  6.2302  5.4828  5.1875  5.1062  5.1056
  64  0.761375  3.7992  4.6157 -0.1458  6.1787  5.4343  5.1459  5.0681  5.0701
  65  0.766427  3.8014  4.6101 -0.1286  6.1276  5.3864  5.1052  5.0311  5.0358
  66  0.771405  3.8036  4.6045 -0.1117  6.0775  5.3392  5.0655  4.9949  5.0021
  67  0.776321  3.8056  4.5989 -0.0950  6.0289  5.2928  5.0261  4.9589  4.9686
  68  0.781180  3.8077  4.5933 -0.0785  5.9824  5.2472  4.9867  4.9227  4.9348
  69  0.785989  3.8097  4.5876 -0.0623  5.9377  5.2024  4.9475  4.8865  4.9010
  70  0.790755  3.8116  4.5820 -0.0463  5.8942  5.1582  4.9086  4.8505  4.8673
  71  0.795482  3.8135  4.5763 -0.0305  5.8513  5.1146  4.8702  4.8150  4.8341
  72  0.800188  3.8153  4.5708 -0.0148  5.8091  5.0715  4.8322  4.7798  4.8011
  73  0.804853  3.8172  4.5652  0.0006  5.7677  5.0290  4.7949  4.7451  4.7687
  74  0.809465  3.8190  4.5596  0.0158  5.7270  4.9873  4.7581  4.7110  4.7367
  75  0.814025  3.8207  4.5540  0.0308  5.6873  4.9461  4.7217  4.6774  4.7050
  76  0.818538  3.8224  4.5484  0.0456  5.6483  4.9056  4.6858  4.6441  4.6737
  77  0.823004  3.8240  4.5428  0.0602  5.6100  4.8655  4.6504  4.6111  4.6428
  78  0.827421  3.8257  4.5372  0.0746  5.5724  4.8259  4.6153  4.5785  4.6122
  79  0.831798  3.8273  4.5317  0.0889  5.5355  4.7865  4.5804  4.5462  4.5819
  80  0.836163  3.8289  4.5263  0.1032  5.4988  4.7471  4.5457  4.5140  4.5518
  81  0.840495  3.8306  4.5209  0.1173  5.4627  4.7080  4.5112  4.4821  4.5219
  82  0.847190  3.8332  4.5127  0.1394  5.4067  4.6473  4.4577  4.4326  4.4757
  83  0.853964  3.8359  4.5047  0.1618  5.3497  4.5852  4.4031  4.3822  4.4288
  84  0.860860  3.8388  4.4965  0.1848  5.2920  4.5216  4.3472  4.3307  4.3807
  85  0.867808  3.8417  4.4884  0.2080  5.2340  4.4570  4.2905  4.2785  4.3321
  86  0.874731  3.8446  4.4804  0.2314  5.1763  4.3920  4.2334  4.2261  4.2834
  87  0.881546  3.8476  4.4724  0.2547  5.1191  4.3271  4.1766  4.1740  4.2352
  88  0.888193  3.8506  4.4644  0.2777  5.0627  4.2627  4.1204  4.1225  4.1875
  89  0.894622  3.8535  4.4565  0.3004  5.0075  4.1994  4.0650  4.0719  4.1407
  90  0.900798  3.8563  4.4485  0.3226  4.9537  4.1375  4.0107  4.0222  4.0946
  91  0.906726  3.8590  4.4406  0.3442  4.9012  4.0769  3.9575  3.9735  4.0494
  92  0.912438  3.8617  4.4329  0.3655  4.8499  4.0174  3.9053  3.9257  4.0052
  93  0.917959  3.8644  4.4252  0.3865  4.7999  3.9587  3.8540  3.8788  3.9617
  94  0.923308  3.8670  4.4176  0.4073  4.7512  3.9007  3.8034  3.8329  3.9194
  95  0.928505  3.8698  4.4104  0.4278  4.7044  3.8431  3.7539  3.7882  3.8784
  96  0.933569  3.8725  4.4033  0.4482  4.6582  3.7858  3.7049  3.7441  3.8380
  97  0.938515  3.8753  4.3965  0.4685  4.6121  3.7287  3.6562  3.7004  3.7982
  98  0.943357  3.8781  4.3899  0.4887  4.5658  3.6717  3.6074  3.6568  3.7583
  99  0.948110  3.8811  4.3834  0.5089  4.5174  3.6147  3.5581  3.6124  3.7176
 100  0.952776  3.8840  4.3771  0.5292  4.4685  3.5578  3.5086  3.5678  3.6768
 101  0.957339  3.8870  4.3709  0.5494  4.4194  3.5009  3.4592  3.5235  3.6361
 102  0.961795  3.8900  4.3646  0.5696  4.3709  3.4442  3.4103  3.4798  3.5961
 103  0.966139  3.8929  4.3583  0.5897  4.3227  3.3878  3.3618  3.4364  3.5564
 104  0.970373  3.8958  4.3517  0.6097  4.2747  3.3320  3.3136  3.3934  3.5171
 105  0.974494  3.8986  4.3449  0.6296  4.2269  3.2767  3.2659  3.3508  3.4778
 106  0.978504  3.9013  4.3379  0.6493  4.1792  3.2222  3.2187  3.3085  3.4386
 107  0.982404  3.9039  4.3306  0.6688  4.1325  3.1684  3.1722  3.2668  3.4000
 108  0.986198  3.9065  4.3231  0.6881  4.0862  3.1154  3.1262  3.2256  3.3618
 109  0.989889  3.9089  4.3153  0.7070  4.0405  3.0634  3.0809  3.1848  3.3238
 110  0.993480  3.9111  4.3072  0.7257  3.9954  3.0125  3.0363  3.1446  3.2863
 111  0.996900  3.9135  4.2996  0.7440  3.9511  2.9628  2.9931  3.1058  3.2501
 112  0.997819  3.9142  4.2979  0.7491  3.9389  2.9491  2.9814  3.0953  3.2405
 113  0.998735  3.9149  4.2962  0.7541  3.9266  2.9354  2.9697  3.0851  3.2310
 114  0.999649  3.9156  4.2945  0.7592  3.9143  2.9216  2.9580  3.0747  3.2215
 115  1.000560  3.9164  4.2928  0.7643  3.9020  2.9079  2.9463  3.0643  3.2119
 116  1.001470  3.9171  4.2910  0.7694  3.8896  2.8940  2.9345  3.0538  3.2022
 117  1.002376  3.9178  4.2890  0.7746  3.8770  2.8801  2.9226  3.0432  3.1924
 118  1.003278  3.9185  4.2868  0.7798  3.8644  2.8661  2.9105  3.0323  3.1821
 119  1.004176  3.9191  4.2844  0.7851  3.8516  2.8520  2.8982  3.0211  3.1716
 120  1.005070  3.9197  4.2817  0.7905  3.8387  2.8378  2.8857  3.0097  3.1607
 121  1.005960  3.9202  4.2789  0.7959  3.8256  2.8235  2.8730  2.9981  3.1495
 122  1.006845  3.9208  4.2759  0.8014  3.8124  2.8090  2.8602  2.9863  3.1382
 123  1.007726  3.9213  4.2727  0.8070  3.7990  2.7944  2.8472  2.9742  3.1265
 124  1.008604  3.9217  4.2694  0.8126  3.7856  2.7797  2.8341  2.9620  3.1146
 125  1.009479  3.9222  4.2659  0.8183  3.7719  2.7649  2.8208  2.9495  3.1026
 126  1.010350  3.9226  4.2624  0.8239  3.7583  2.7500  2.8073  2.9369  3.0903
 127  1.011217  3.9230  4.2586  0.8297  3.7444  2.7350  2.7936  2.9240  3.0778
 128  1.012081  3.9235  4.2548  0.8355  3.7304  2.7198  2.7798  2.9110  3.0650
 129  1.012941  3.9238  4.2507  0.8414  3.7163  2.7046  2.7658  2.8978  3.0521
 130  1.013796  3.9242  4.2466  0.8473  3.7020  2.6891  2.7516  2.8843  3.0388
 131  1.014647  3.9245  4.2423  0.8533  3.6876  2.6736  2.7373  2.8706  3.0254
 132  1.015494  3.9248  4.2378  0.8594  3.6730  2.6579  2.7228  2.8567  3.0116
 133  1.016335  3.9251  4.2331  0.8655  3.6583  2.6421  2.7079  2.8425  2.9976
 134  1.017170  3.9252  4.2281  0.8717  3.6434  2.6261  2.6928  2.8279  2.9830
 135  1.017997  3.9254  4.2226  0.8779  3.6283  2.6099  2.6773  2.8127  2.9679
 136  1.018820  3.9254  4.2170  0.8842  3.6130  2.5936  2.6615  2.7973  2.9524
 137  1.019635  3.9255  4.2111  0.8906  3.5976  2.5771  2.6456  2.7816  2.9366
 138  1.020443  3.9254  4.2049  0.8970  3.5820  2.5605  2.6293  2.7655  2.9205
 139  1.021244  3.9254  4.1985  0.9035  3.5663  2.5437  2.6128  2.7490  2.9039
 140  1.022037  3.9252  4.1918  0.9101  3.5504  2.5268  2.5959  2.7323  2.8868
 141  1.022820  3.9250  4.1847  0.9166  3.5343  2.5097  2.5787  2.7151  2.8693
 142  1.023596  3.9248  4.1773  0.9233  3.5181  2.4924  2.5613  2.6974  2.8514
 143  1.024360  3.9244  4.1696  0.9301  3.5017  2.4750  2.5434  2.6793  2.8329
 144  1.025114  3.9240  4.1613  0.9368  3.4853  2.4575  2.5253  2.6608  2.8138
 145  1.025857  3.9235  4.1527  0.9437  3.4685  2.4399  2.5068  2.6418  2.7942
 146  1.026588  3.9229  4.1437  0.9506  3.4518  2.4221  2.4879  2.6223  2.7741
 147  1.027305  3.9222  4.1341  0.9575  3.4350  2.4043  2.4688  2.6023  2.7533
 148  1.028008  3.9213  4.1241  0.9646  3.4180  2.3865  2.4492  2.5818  2.7319
 149  1.028697  3.9204  4.1134  0.9716  3.4010  2.3686  2.4294  2.5607  2.7097
 150  1.029370  3.9192  4.1022  0.9787  3.3840  2.3509  2.4092  2.5391  2.6870
 151  1.030025  3.9180  4.0903  0.9858  3.3670  2.3332  2.3889  2.5171  2.6635
 152  1.030662  3.9166  4.0777  0.9930  3.3500  2.3157  2.3683  2.4945  2.6394
 153  1.031282  3.9149  4.0644  1.0001  3.3331  2.2985  2.3476  2.4713  2.6145
 154  1.031881  3.9132  4.0503  1.0073  3.3164  2.2816  2.3267  2.4478  2.5888
 155  1.032460  3.9112  4.0355  1.0144  3.2998  2.2652  2.3057  2.4237  2.5625
 156  1.033017  3.9089  4.0197  1.0215  3.2833  2.2494  2.2848  2.3992  2.5354
 157  1.033552  3.9065  4.0030  1.0286  3.2669  2.2341  2.2637  2.3741  2.5075
 158  1.034064  3.9038  3.9855  1.0357  3.2504  2.2196  2.2425  2.3485  2.4788
 159  1.034551  3.9009  3.9668  1.0426  3.2340  2.2056  2.2212  2.3223  2.4492
 160  1.035014  3.8976  3.9473  1.0495  3.2175  2.1923  2.1999  2.2957  2.4190
 161  1.035452  3.8941  3.9267  1.0563  3.2013  2.1799  2.1788  2.2689  2.3882
 162  1.035758  3.8914  3.9110  1.0612  3.1897  2.1715  2.1635  2.2490  2.3652
 163  1.036059  3.8884  3.8942  1.0662  3.1779  2.1635  2.1480  2.2285  2.3412
 164  1.036353  3.8852  3.8762  1.0711  3.1659  2.1560  2.1322  2.2073  2.3162
 165  1.036644  3.8816  3.8571  1.0762  3.1538  2.1492  2.1163  2.1855  2.2902
 166  1.036928  3.8777  3.8367  1.0813  3.1415  2.1431  2.1003  2.1630  2.2632
 167  1.037205  3.8736  3.8150  1.0865  3.1292  2.1377  2.0842  2.1399  2.2351
 168  1.037474  3.8691  3.7922  1.0917  3.1173  2.1333  2.0683  2.1166  2.2065
 169  1.037736  3.8643  3.7678  1.0969  3.1055  2.1300  2.0525  2.0927  2.1769
 170  1.037992  3.8593  3.7426  1.1020  3.0940  2.1275  2.0368  2.0686  2.1467
 171  1.038240  3.8539  3.7160  1.1072  3.0828  2.1261  2.0213  2.0441  2.1158
 172  1.038481  3.8483  3.6887  1.1123  3.0719  2.1257  2.0059  2.0196  2.0846
 173  1.038717  3.8425  3.6605  1.1174  3.0616  2.1262  1.9909  1.9950  2.0528
 174  1.038948  3.8365  3.6317  1.1226  3.0525  2.1275  1.9760  1.9703  2.0210
 175  1.039178  3.8306  3.6029  1.1277  3.0442  2.1293  1.9614  1.9458  1.9892
 176  1.039406  3.8246  3.5737  1.1328  3.0370  2.1315  1.9467  1.9214  1.9573
 177  1.039635  3.8186  3.5447  1.1379  3.0314  2.1339  1.9323  1.8972  1.9258
 178  1.039866  3.8126  3.5157  1.1430  3.0275  2.1365  1.9185  1.8739  1.8951
 179  1.040098  3.8065  3.4866  1.1479  3.0256  2.1399  1.9053  1.8511  1.8652
 180  1.040333  3.8004  3.4575  1.1526  3.0256  2.1445  1.8925  1.8286  1.8352
 181  1.040571  3.7942  3.4282  1.1571  3.0300  2.1512  1.8798  1.8056  1.8045
 182  1.040794  3.7885  3.4018  1.1606  3.0366  2.1586  1.8702  1.7868  1.7788
 183  1.041020  3.7828  3.3763  1.1638  3.0476  2.1678  1.8605  1.7675  1.7526
 184  1.041247  3.7774  3.3520  1.1665  3.0606  2.1771  1.8527  1.7509  1.7294
 185  1.041477  3.7722  3.3283  1.1696  3.0739  2.1853  1.8453  1.7354  1.7077
 186  1.041707  3.7675  3.3061  1.1729  3.0872  2.1921  1.8371  1.7195  1.6860
 187  1.041936  3.7631  3.2845  1.1773  3.0975  2.1950  1.8264  1.7019  1.6631
 188  1.042159  3.7594  3.2642  1.1827  3.1035  2.1934  1.8132  1.6826  1.6393
 189  1.042375  3.7562  3.2447  1.1895  3.1055  2.1874  1.7961  1.6602  1.6130
 190  1.042580  3.7536  3.2262  1.1975  3.1022  2.1767  1.7759  1.6353  1.5849
 191  1.042776  3.7514  3.2086  1.2068  3.0939  2.1613  1.7528  1.6086  1.5554
 192  1.042962  3.7495  3.1914  1.2163  3.0841  2.1447  1.7292  1.5815  1.5259
 193  1.043142  3.7480  3.1751  1.2266  3.0693  2.1243  1.7035  1.5532  1.4958
 194  1.043316  3.7466  3.1590  1.2371  3.0540  2.1035  1.6776  1.5250  1.4657
 195  1.043486  3.7455  3.1437  1.2479  3.0354  2.0804  1.6507  1.4961  1.4354
 196  1.043652  3.7443  3.1285  1.2589  3.0164  2.0569  1.6236  1.4672  1.4052
 197  1.043816  3.7434  3.1135  1.2699  2.9965  2.0329  1.5963  1.4382  1.3749
 198  1.043977  3.7425  3.0989  1.2813  2.9748  2.0075  1.5683  1.4089  1.3447
 199  1.044138  3.7417  3.0843  1.2925  2.9534  1.9824  1.5405  1.3797  1.3144
 200  1.044296  3.7410  3.0702  1.3039  2.9307  1.9564  1.5122  1.3503  1.2841
 201  1.044454  3.7403  3.0559  1.3154  2.9081  1.9305  1.4840  1.3209  1.2539
 202  1.044610  3.7396  3.0419  1.3268  2.8849  1.9041  1.4556  1.2915  1.2236
 203  1.044766  3.7390  3.0280  1.3383  2.8613  1.8774  1.4270  1.2620  1.1934
 204  1.044921  3.7384  3.0142  1.3499  2.8377  1.8507  1.3984  1.2325  1.1631
 205  1.045074  3.7378  3.0003  1.3615  2.8137  1.8238  1.3697  1.2029  1.1328
 206  1.045228  3.7372  2.9865  1.3731  2.7898  1.7968  1.3409  1.1733  1.1025
 207  1.045380  3.7367  2.9727  1.3847  2.7657  1.7697  1.3121  1.1435  1.0720
 208  1.045532  3.7361  2.9589  1.3964  2.7416  1.7426  1.2831  1.1137  1.0416
 209  1.045683  3.7356  2.9451  1.4081  2.7174  1.7153  1.2541  1.0839  1.0110
 210  1.045832  3.7351  2.9314  1.4198  2.6930  1.6878  1.2250  1.0540  0.9804
 211  1.045981  3.7346  2.9176  1.4316  2.6685  1.6604  1.1959  1.0240  0.9498
 212  1.046129  3.7341  2.9039  1.4434  2.6438  1.6327  1.1666  0.9939  0.9191
 213  1.046277  3.7336  2.8901  1.4553  2.6192  1.6049  1.1372  0.9637  0.8883
 214  1.046421  3.7331  2.8763  1.4672  2.5942  1.5770  1.1076  0.9333  0.8573
 215  1.046563  3.7326  2.8624  1.4792  2.5691  1.5488  1.0778  0.9027  0.8261
 216  1.046703  3.7321  2.8485  1.4913  2.5438  1.5205  1.0478  0.8719  0.7947
 217  1.046746  3.7320  2.8441  1.4951  2.5359  1.5116  1.0384  0.8622  0.7848
 218  1.046790  3.7318  2.8398  1.4989  2.5279  1.5026  1.0289  0.8524  0.7749
 219  1.046834  3.7317  2.8354  1.5027  2.5199  1.4936  1.0194  0.8427  0.7650
 220  1.046877  3.7316  2.8309  1.5066  2.5119  1.4846  1.0099  0.8330  0.7550
 221  1.046920  3.7314  2.8265  1.5104  2.5038  1.4756  1.0003  0.8231  0.7449
 222  1.046962  3.7313  2.8221  1.5143  2.4958  1.4665  0.9907  0.8133  0.7350
 223  1.047005  3.7311  2.8176  1.5182  2.4877  1.4575  0.9811  0.8034  0.7248
 224  1.047048  3.7310  2.8131  1.5220  2.4796  1.4484  0.9715  0.7935  0.7148
 225  1.047091  3.7309  2.8086  1.5259  2.4714  1.4392  0.9618  0.7836  0.7046
 226  1.047133  3.7307  2.8042  1.5298  2.4633  1.4300  0.9521  0.7736  0.6945
 227  1.047503  3.7294  2.7646  1.5643  2.3909  1.3490  0.8664  0.6858  0.6049
 228  1.047852  3.7281  2.7246  1.5994  2.3178  1.2667  0.7794  0.5965  0.5141
 229  1.048173  3.7268  2.6845  1.6345  2.2445  1.1843  0.6922  0.5070  0.4229
 230  1.048465  3.7256  2.6448  1.6694  2.1721  1.1028  0.6058  0.4185  0.3327
 231  1.048755  3.7243  2.6024  1.7066  2.0950  1.0156  0.5137  0.3239  0.2364
 232  1.049025  3.7229  2.5602  1.7436  2.0184  0.9288  0.4218  0.2297  0.1403
 233  1.049275  3.7216  2.5179  1.7807  1.9426  0.8424  0.3303  0.1358  0.0447
 234  1.049508  3.7202  2.4759  1.8173  1.8680  0.7571  0.2396  0.0428 -0.0501
 235  1.049730  3.7187  2.4328  1.8545  1.7934  0.6708  0.1478 -0.0517 -0.1465
 236  1.049930  3.7172  2.3912  1.8904  1.7220  0.5878  0.0593 -0.1426 -0.2394
 237  1.050120  3.7158  2.3493  1.9265  1.6508  0.5046 -0.0296 -0.2342 -0.3329
 238  1.050295  3.7143  2.3079  1.9621  1.5812  0.4228 -0.1173 -0.3245 -0.4251
 239  1.050461  3.7129  2.2663  1.9980  1.5124  0.3411 -0.2053 -0.4153 -0.5180
 240  1.050620  3.7114  2.2237  2.0346  1.4430  0.2577 -0.2953 -0.5082 -0.6130
 241  1.050766  3.7099  2.1822  2.0702  1.3764  0.1771 -0.3829 -0.5988 -0.7057
 242  1.050902  3.7084  2.1409  2.1057  1.3112  0.0972 -0.4701 -0.6891 -0.7981
 243  1.051026  3.7070  2.1007  2.1402  1.2486  0.0198 -0.5548 -0.7769 -0.8880
 244  1.051147  3.7055  2.0593  2.1759  1.1844 -0.0599 -0.6423 -0.8677 -0.9810
 245  1.051256  3.7041  2.0195  2.2099  1.1238 -0.1358 -0.7258 -0.9542 -1.0696
 246  1.051359  3.7026  1.9799  2.2437  1.0643 -0.2110 -0.8086 -1.0402 -1.1577
 247  1.051456  3.7011  1.9405  2.2772  1.0052 -0.2852 -0.8904 -1.1251 -1.2448
 248  1.051545  3.6997  1.9021  2.3097  0.9487 -0.3567 -0.9696 -1.2074 -1.3292
 249  1.051632  3.6982  1.8639  2.3422  0.8924 -0.4281 -1.0486 -1.2894 -1.4135
 250  1.051710  3.6970  1.8319  2.3693  0.8454 -0.4879 -1.1147 -1.3581 -1.4840
 251  1.051786  3.6963  1.8121  2.3865  0.8141 -0.5260 -1.1564 -1.4012 -1.5283
 252  1.051863  3.6956  1.7928  2.4032  0.7836 -0.5631 -1.1971 -1.4434 -1.5714
 253  1.051936  3.6941  1.7533  2.4366  0.7263 -0.6357 -1.2780 -1.5277 -1.6582
 254  1.052006  3.6926  1.7143  2.4696  0.6710 -0.7068 -1.3577 -1.6108 -1.7437
 255  1.052069  3.6914  1.6811  2.4977  0.6251 -0.7670 -1.4253 -1.6813 -1.8164
 256  1.052132  3.6906  1.6611  2.5147  0.5984 -0.8036 -1.4664 -1.7241 -1.8604
 257  1.052193  3.6905  1.6583  2.5174  0.5957 -0.8096 -1.4729 -1.7307 -1.8671
 258  1.052255  3.6892  1.6216  2.5486  0.5468 -0.8759 -1.5476 -1.8089 -1.9475
 259  1.052313  3.6875  1.5782  2.5853  0.4901 -0.9540 -1.6360 -1.9013 -2.0427
 260  1.052367  3.6858  1.5362  2.6207  0.4390 -1.0283 -1.7208 -1.9902 -2.1343
 261  1.052416  3.6842  1.4955  2.6551  0.3908 -1.1002 -1.8032 -2.0766 -2.2234
 262  1.052462  3.6827  1.4557  2.6885  0.3459 -1.1693 -1.8831 -2.1605 -2.3099
 263  1.052504  3.6810  1.4162  2.7215  0.3047 -1.2365 -1.9619 -2.2436 -2.3958
 264  1.052543  3.6794  1.3778  2.7535  0.2667 -1.3009 -2.0380 -2.3242 -2.4791
 265  1.052581  3.6779  1.3398  2.7852  0.2306 -1.3639 -2.1132 -2.4040 -2.5616
 266  1.052615  3.6763  1.3027  2.8161  0.1967 -1.4248 -2.1863 -2.4817 -2.6421
 267  1.052647  3.6748  1.2666  2.8462  0.1648 -1.4834 -2.2572 -2.5572 -2.7203
 268  1.052676  3.6733  1.2312  2.8756  0.1351 -1.5402 -2.3261 -2.6307 -2.7967
 269  1.052704  3.6718  1.1962  2.9047  0.1066 -1.5962 -2.3944 -2.7036 -2.8724
 270  1.052730  3.6704  1.1621  2.9330  0.0801 -1.6501 -2.4604 -2.7743 -2.9458
 271  1.052755  3.6689  1.1284  2.9610  0.0548 -1.7031 -2.5254 -2.8438 -3.0182
 272  1.052778  3.6675  1.0955  2.9883  0.0313 -1.7542 -2.5886 -2.9116 -3.0886
 273  1.052799  3.6662  1.0634  3.0149  0.0094 -1.8036 -2.6501 -2.9776 -3.1573
 274  1.052820  3.6648  1.0316  3.0411 -0.0104 -1.8516 -2.7102 -3.0424 -3.2249
 275  1.052838  3.6634  1.0004  3.0668 -0.0286 -1.8981 -2.7689 -3.1057 -3.2911
 276  1.052856  3.6620  0.9700  3.0919 -0.0452 -1.9430 -2.8260 -3.1675 -3.3555
 277  1.052874  3.6606  0.9399  3.1165 -0.0590 -1.9860 -2.8816 -3.2280 -3.4189
 278  1.052890  3.6593  0.9109  3.1401 -0.0706 -2.0265 -2.9346 -3.2857 -3.4795
