#NUMBER OF AGES= 1 MAGS= 5
#----------------------------------------------------       
#MIX-LEN  Y      Z          Zeff        [Fe/H] [a/Fe]
# 1.9380  0.2452 9.7097E-05 9.7097E-05  -2.32   0.00 
#----------------------------------------------------       
#**PHOTOMETRIC SYSTEM**: SDSS (AB)
#----------------------------------------------------       
#AGE= 9.500 EEPS=267
#EEP   M/Mo    LogTeff  LogG   LogL/Lo sdss_u  sdss_g  sdss_r  sdss_i  sdss_z
  12  0.105907  3.5488  5.3767 -2.7654 17.5220 13.8299 12.1911 11.5251 11.1592
  13  0.115698  3.5596  5.3331 -2.6403 16.7754 13.3936 11.8265 11.2115 10.8667
  14  0.126817  3.5705  5.2884 -2.5120 16.0573 12.9449 11.4603 10.8877 10.5621
  15  0.139632  3.5807  5.2451 -2.3864 15.3781 12.5076 11.1092 10.5703 10.2608
  16  0.153112  3.5885  5.2087 -2.2786 14.8411 12.1423 10.8136 10.2980 10.0004
  17  0.165476  3.5937  5.1811 -2.1962 14.4859 11.8752 10.5905 10.0893  9.7995
  18  0.177280  3.5978  5.1581 -2.1272 14.2048 11.6568 10.4049  9.9143  9.6306
  19  0.193768  3.6023  5.1301 -2.0425 13.8603 11.3907 10.1773  9.6993  9.4225
  20  0.209759  3.6063  5.1059 -1.9687 13.5662 11.1617  9.9799  9.5120  9.2411
  21  0.225592  3.6098  5.0844 -1.9014 13.3061 10.9548  9.8002  9.3410  9.0755
  22  0.240615  3.6128  5.0659 -1.8422 13.0857 10.7751  9.6422  9.1905  8.9298
  23  0.265847  3.6172  5.0409 -1.7564 12.7691 10.5131  9.4117  8.9712  8.7179
  24  0.286224  3.6205  5.0240 -1.6944 12.5442 10.3254  9.2454  8.8128  8.5647
  25  0.307725  3.6236  5.0085 -1.6349 12.3271 10.1441  9.0851  8.6603  8.4176
  26  0.320535  3.6253  5.0005 -1.6021 12.2073 10.0449  8.9968  8.5764  8.3365
  27  0.330026  3.6266  4.9948 -1.5786 12.1217  9.9739  8.9335  8.5161  8.2783
  28  0.338480  3.6277  4.9898 -1.5581 12.0469  9.9123  8.8786  8.4639  8.2278
  29  0.346727  3.6289  4.9855 -1.5390 11.9750  9.8538  8.8268  8.4147  8.1805
  30  0.353582  3.6298  4.9824 -1.5236 11.9163  9.8063  8.7850  8.3752  8.1426
  31  0.358521  3.6305  4.9799 -1.5124 11.8729  9.7716  8.7544  8.3463  8.1148
  32  0.362278  3.6311  4.9775 -1.5031 11.8376  9.7432  8.7294  8.3227  8.0922
  33  0.365459  3.6316  4.9751 -1.4948 11.8052  9.7173  8.7066  8.3012  8.0716
  34  0.368583  3.6322  4.9723 -1.4863 11.7721  9.6909  8.6834  8.2792  8.0505
  35  0.372089  3.6327  4.9691 -1.4766 11.7358  9.6616  8.6575  8.2547  8.0270
  36  0.376402  3.6334  4.9651 -1.4652 11.6934  9.6271  8.6266  8.2254  7.9987
  37  0.405607  3.6392  4.9354 -1.3793 11.3545  9.3517  8.3896  8.0036  7.7868
  38  0.420134  3.6429  4.9189 -1.3330 11.1656  9.2015  8.2609  7.8841  7.6735
  39  0.435118  3.6467  4.9024 -1.2856 10.9681  9.0488  8.1296  7.7619  7.5577
  40  0.456094  3.6531  4.8785 -1.2157 10.6635  8.8188  7.9342  7.5815  7.3878
  41  0.467070  3.6569  4.8652 -1.1770 10.4893  8.6907  7.8260  7.4820  7.2943
  42  0.479230  3.6616  4.8505 -1.1321 10.2812  8.5393  7.6997  7.3666  7.1866
  43  0.488537  3.6654  4.8390 -1.0971 10.1180  8.4218  7.6017  7.2774  7.1034
  44  0.500309  3.6710  4.8262 -1.0515  9.8940  8.2638  7.4726  7.1611  6.9961
  45  0.510681  3.6761  4.8152 -1.0112  9.6933  8.1240  7.3589  7.0589  6.9019
  46  0.519321  3.6806  4.8061 -0.9770  9.5224  8.0061  7.2632  6.9730  6.8229
  47  0.527436  3.6849  4.7976 -0.9444  9.3593  7.8942  7.1726  6.8918  6.7484
  48  0.535773  3.6895  4.7889 -0.9107  9.1922  7.7792  7.0795  6.8086  6.6719
  49  0.544874  3.6945  4.7796 -0.8739  9.0121  7.6545  6.9786  6.7183  6.5891
  50  0.554904  3.7002  4.7696 -0.8333  8.8159  7.5180  6.8683  6.6199  6.4989
  51  0.565210  3.7062  4.7595 -0.7913  8.6147  7.3785  6.7557  6.5192  6.4065
  52  0.570494  3.7093  4.7543 -0.7696  8.5125  7.3072  6.6981  6.4676  6.3593
  53  0.575759  3.7124  4.7491 -0.7480  8.4119  7.2362  6.6408  6.4166  6.3125
  54  0.580993  3.7155  4.7439 -0.7265  8.3135  7.1662  6.5842  6.3659  6.2661
  55  0.586182  3.7186  4.7387 -0.7051  8.2173  7.0972  6.5285  6.3161  6.2204
  56  0.591308  3.7216  4.7335 -0.6841  8.1241  7.0297  6.4737  6.2671  6.1755
  57  0.596366  3.7245  4.7283 -0.6634  8.0341  6.9640  6.4201  6.2189  6.1312
  58  0.601348  3.7274  4.7230 -0.6429  7.9477  6.9001  6.3678  6.1717  6.0877
  59  0.606244  3.7302  4.7178 -0.6229  7.8642  6.8379  6.3165  6.1254  6.0449
  60  0.611058  3.7330  4.7126 -0.6031  7.7833  6.7769  6.2662  6.0799  6.0029
  61  0.615801  3.7358  4.7074 -0.5836  7.7047  6.7170  6.2167  6.0352  5.9615
  62  0.620473  3.7384  4.7022 -0.5644  7.6283  6.6582  6.1681  5.9913  5.9209
  63  0.625079  3.7411  4.6969 -0.5454  7.5537  6.6003  6.1201  5.9481  5.8810
  64  0.629620  3.7436  4.6917 -0.5266  7.4809  6.5434  6.0731  5.9055  5.8418
  65  0.634103  3.7462  4.6864 -0.5081  7.4103  6.4876  6.0266  5.8636  5.8031
  66  0.638523  3.7487  4.6811 -0.4898  7.3419  6.4329  5.9809  5.8222  5.7646
  67  0.642886  3.7512  4.6757 -0.4717  7.2757  6.3795  5.9360  5.7812  5.7265
  68  0.647191  3.7536  4.6704 -0.4538  7.2112  6.3270  5.8917  5.7408  5.6890
  69  0.651440  3.7559  4.6650 -0.4362  7.1479  6.2751  5.8480  5.7011  5.6521
  70  0.655625  3.7582  4.6595 -0.4188  7.0852  6.2238  5.8052  5.6623  5.6162
  71  0.659734  3.7605  4.6541 -0.4016  7.0237  6.1733  5.7631  5.6244  5.5811
  72  0.663769  3.7627  4.6486 -0.3846  6.9640  6.1237  5.7218  5.5870  5.5465
  73  0.667727  3.7648  4.6432 -0.3681  6.9066  6.0756  5.6811  5.5500  5.5122
  74  0.671611  3.7669  4.6378 -0.3517  6.8516  6.0286  5.6411  5.5135  5.4781
  75  0.675424  3.7690  4.6324 -0.3356  6.7982  5.9826  5.6018  5.4774  5.4444
  76  0.679165  3.7710  4.6271 -0.3198  6.7463  5.9375  5.5631  5.4418  5.4111
  77  0.682839  3.7730  4.6217 -0.3041  6.6957  5.8931  5.5250  5.4067  5.3784
  78  0.686450  3.7749  4.6164 -0.2887  6.6463  5.8495  5.4874  5.3723  5.3462
  79  0.689998  3.7769  4.6112 -0.2736  6.5979  5.8065  5.4505  5.3383  5.3144
  80  0.693489  3.7788  4.6060 -0.2586  6.5504  5.7642  5.4141  5.3048  5.2831
  81  0.696923  3.7806  4.6008 -0.2439  6.5038  5.7225  5.3782  5.2718  5.2523
  82  0.702026  3.7834  4.5930 -0.2217  6.4348  5.6604  5.3248  5.2228  5.2064
  83  0.707137  3.7862  4.5852 -0.1995  6.3658  5.5978  5.2710  5.1735  5.1604
  84  0.712247  3.7890  4.5771 -0.1770  6.2974  5.5349  5.2169  5.1237  5.1140
  85  0.717351  3.7918  4.5689 -0.1544  6.2297  5.4717  5.1623  5.0736  5.0670
  86  0.722436  3.7946  4.5602 -0.1317  6.1632  5.4084  5.1072  5.0227  5.0195
  87  0.727493  3.7973  4.5513 -0.1089  6.0970  5.3450  5.0519  4.9716  4.9715
  88  0.732512  3.8000  4.5421 -0.0859  6.0303  5.2815  4.9971  4.9211  4.9242
  89  0.737485  3.8026  4.5324 -0.0629  5.9635  5.2179  4.9425  4.8709  4.8772
  90  0.742399  3.8052  4.5223 -0.0398  5.8974  5.1542  4.8877  4.8204  4.8297
  91  0.747248  3.8076  4.5118 -0.0167  5.8336  5.0907  4.8319  4.7686  4.7809
  92  0.752017  3.8099  4.5008  0.0065  5.7713  5.0274  4.7755  4.7159  4.7310
  93  0.756687  3.8122  4.4894  0.0297  5.7099  4.9643  4.7187  4.6625  4.6804
  94  0.761255  3.8144  4.4774  0.0530  5.6488  4.9012  4.6618  4.6089  4.6294
  95  0.765723  3.8165  4.4651  0.0763  5.5881  4.8381  4.6047  4.5550  4.5780
  96  0.770096  3.8185  4.4524  0.0996  5.5278  4.7751  4.5475  4.5011  4.5266
  97  0.774374  3.8205  4.4394  0.1229  5.4680  4.7121  4.4904  4.4470  4.4749
  98  0.778560  3.8224  4.4261  0.1463  5.4087  4.6492  4.4332  4.3930  4.4232
  99  0.782658  3.8243  4.4125  0.1695  5.3498  4.5863  4.3760  4.3388  4.3714
 100  0.786687  3.8262  4.3990  0.1928  5.2914  4.5234  4.3188  4.2846  4.3195
 101  0.790646  3.8280  4.3851  0.2160  5.2334  4.4607  4.2615  4.2302  4.2675
 102  0.794523  3.8298  4.3712  0.2392  5.1757  4.3982  4.2041  4.1758  4.2155
 103  0.798319  3.8315  4.3572  0.2623  5.1186  4.3359  4.1471  4.1216  4.1634
 104  0.802035  3.8332  4.3430  0.2853  5.0620  4.2740  4.0901  4.0675  4.1115
 105  0.805669  3.8348  4.3287  0.3082  5.0058  4.2123  4.0334  4.0135  4.0596
 106  0.809215  3.8364  4.3142  0.3309  4.9502  4.1512  3.9770  3.9597  4.0079
 107  0.812687  3.8380  4.2996  0.3536  4.8951  4.0903  3.9207  3.9062  3.9563
 108  0.816066  3.8394  4.2848  0.3760  4.8405  4.0299  3.8647  3.8527  3.9048
 109  0.819352  3.8408  4.2698  0.3984  4.7864  3.9700  3.8092  3.7996  3.8534
 110  0.822545  3.8421  4.2546  0.4206  4.7327  3.9106  3.7538  3.7466  3.8022
 111  0.825648  3.8434  4.2392  0.4427  4.6796  3.8516  3.6988  3.6938  3.7511
 112  0.826458  3.8437  4.2350  0.4485  4.6656  3.8361  3.6843  3.6799  3.7376
 113  0.827267  3.8440  4.2309  0.4544  4.6514  3.8203  3.6695  3.6657  3.7238
 114  0.828072  3.8444  4.2267  0.4602  4.6374  3.8047  3.6550  3.6517  3.7102
 115  0.828872  3.8447  4.2226  0.4662  4.6230  3.7887  3.6400  3.6375  3.6965
 116  0.829667  3.8451  4.2186  0.4723  4.6082  3.7721  3.6248  3.6229  3.6825
 117  0.830459  3.8456  4.2146  0.4783  4.5936  3.7557  3.6097  3.6086  3.6687
 118  0.831247  3.8460  4.2106  0.4845  4.5787  3.7390  3.5943  3.5941  3.6548
 119  0.832031  3.8465  4.2069  0.4907  4.5637  3.7219  3.5788  3.5794  3.6408
 120  0.832812  3.8471  4.2031  0.4970  4.5485  3.7048  3.5632  3.5648  3.6269
 121  0.833590  3.8476  4.1993  0.5034  4.5333  3.6874  3.5475  3.5499  3.6127
 122  0.834362  3.8481  4.1954  0.5097  4.5180  3.6700  3.5316  3.5350  3.5984
 123  0.835132  3.8486  4.1913  0.5162  4.5025  3.6524  3.5156  3.5198  3.5839
 124  0.835895  3.8490  4.1870  0.5227  4.4868  3.6349  3.4993  3.5044  3.5691
 125  0.836653  3.8494  4.1823  0.5293  4.4711  3.6172  3.4829  3.4886  3.5540
 126  0.837403  3.8498  4.1774  0.5360  4.4552  3.5994  3.4662  3.4726  3.5384
 127  0.838147  3.8501  4.1722  0.5427  4.4390  3.5815  3.4493  3.4563  3.5224
 128  0.838884  3.8503  4.1667  0.5495  4.4228  3.5635  3.4322  3.4398  3.5061
 129  0.839614  3.8505  4.1611  0.5564  4.4065  3.5454  3.4150  3.4229  3.4897
 130  0.840337  3.8507  4.1553  0.5633  4.3899  3.5272  3.3974  3.4059  3.4729
 131  0.841053  3.8509  4.1493  0.5703  4.3732  3.5089  3.3798  3.3886  3.4559
 132  0.841762  3.8510  4.1431  0.5774  4.3564  3.4905  3.3620  3.3712  3.4386
 133  0.842464  3.8511  4.1367  0.5845  4.3394  3.4720  3.3440  3.3535  3.4211
 134  0.843158  3.8511  4.1302  0.5917  4.3224  3.4533  3.3259  3.3357  3.4033
 135  0.843843  3.8512  4.1234  0.5990  4.3051  3.4347  3.3076  3.3174  3.3853
 136  0.844520  3.8511  4.1163  0.6062  4.2877  3.4159  3.2890  3.2990  3.3669
 137  0.845188  3.8510  4.1088  0.6137  4.2702  3.3972  3.2703  3.2802  3.3479
 138  0.845845  3.8509  4.1010  0.6211  4.2526  3.3784  3.2514  3.2612  3.3287
 139  0.846493  3.8507  4.0930  0.6286  4.2348  3.3596  3.2322  3.2419  3.3092
 140  0.847132  3.8504  4.0846  0.6361  4.2169  3.3408  3.2130  3.2223  3.2892
 141  0.847760  3.8500  4.0759  0.6438  4.1990  3.3219  3.1935  3.2025  3.2689
 142  0.848377  3.8496  4.0668  0.6514  4.1808  3.3031  3.1739  3.1823  3.2483
 143  0.848983  3.8491  4.0574  0.6592  4.1625  3.2843  3.1541  3.1619  3.2272
 144  0.849576  3.8485  4.0476  0.6670  4.1442  3.2655  3.1341  3.1411  3.2058
 145  0.850158  3.8479  4.0373  0.6749  4.1258  3.2467  3.1139  3.1200  3.1840
 146  0.850727  3.8471  4.0267  0.6827  4.1072  3.2280  3.0936  3.0986  3.1616
 147  0.851282  3.8462  4.0156  0.6907  4.0886  3.2095  3.0731  3.0769  3.1388
 148  0.851824  3.8453  4.0039  0.6987  4.0699  3.1910  3.0524  3.0549  3.1156
 149  0.852351  3.8442  3.9918  0.7068  4.0511  3.1727  3.0316  3.0324  3.0918
 150  0.852865  3.8430  3.9791  0.7148  4.0322  3.1546  3.0105  3.0096  3.0675
 151  0.853362  3.8416  3.9658  0.7230  4.0134  3.1368  2.9894  2.9863  3.0426
 152  0.853845  3.8401  3.9519  0.7312  3.9946  3.1192  2.9680  2.9628  3.0173
 153  0.854310  3.8385  3.9374  0.7394  3.9759  3.1019  2.9466  2.9390  2.9914
 154  0.854760  3.8367  3.9223  0.7475  3.9572  3.0849  2.9252  2.9147  2.9650
 155  0.855193  3.8347  3.9065  0.7558  3.9388  3.0684  2.9036  2.8902  2.9380
 156  0.855610  3.8326  3.8901  0.7640  3.9204  3.0522  2.8820  2.8653  2.9106
 157  0.856010  3.8303  3.8730  0.7722  3.9024  3.0365  2.8604  2.8403  2.8827
 158  0.856393  3.8279  3.8552  0.7804  3.8846  3.0212  2.8388  2.8150  2.8544
 159  0.856759  3.8253  3.8368  0.7886  3.8674  3.0065  2.8171  2.7893  2.8255
 160  0.857109  3.8226  3.8177  0.7968  3.8503  2.9923  2.7949  2.7626  2.7955
 161  0.857444  3.8196  3.7981  0.8049  3.8332  2.9787  2.7719  2.7348  2.7640
 162  0.857679  3.8174  3.7833  0.8109  3.8214  2.9691  2.7555  2.7148  2.7412
 163  0.857909  3.8150  3.7680  0.8168  3.8104  2.9595  2.7394  2.6949  2.7184
 164  0.858138  3.8125  3.7520  0.8230  3.8002  2.9500  2.7235  2.6753  2.6959
 165  0.858362  3.8099  3.7354  0.8291  3.7902  2.9407  2.7075  2.6554  2.6727
 166  0.858584  3.8071  3.7181  0.8354  3.7804  2.9317  2.6911  2.6348  2.6489
 167  0.858802  3.8041  3.7003  0.8417  3.7710  2.9232  2.6747  2.6139  2.6244
 168  0.859017  3.8012  3.6818  0.8480  3.7621  2.9148  2.6581  2.5927  2.5995
 169  0.859230  3.7980  3.6629  0.8545  3.7538  2.9068  2.6414  2.5710  2.5742
 170  0.859440  3.7947  3.6435  0.8609  3.7467  2.8994  2.6243  2.5488  2.5478
 171  0.859647  3.7912  3.6233  0.8673  3.7409  2.8927  2.6072  2.5262  2.5210
 172  0.859852  3.7875  3.6019  0.8737  3.7373  2.8870  2.5901  2.5031  2.4934
 173  0.860053  3.7835  3.5800  0.8801  3.7360  2.8824  2.5724  2.4788  2.4643
 174  0.860255  3.7797  3.5584  0.8865  3.7351  2.8775  2.5548  2.4548  2.4357
 175  0.860455  3.7758  3.5365  0.8930  3.7343  2.8721  2.5380  2.4321  2.4084
 176  0.860651  3.7720  3.5147  0.8996  3.7345  2.8667  2.5211  2.4091  2.3809
 177  0.860845  3.7686  3.4943  0.9065  3.7335  2.8596  2.5036  2.3863  2.3539
 178  0.861033  3.7655  3.4748  0.9137  3.7310  2.8510  2.4854  2.3632  2.3271
 179  0.861213  3.7626  3.4557  0.9213  3.7276  2.8412  2.4666  2.3399  2.3002
 180  0.861383  3.7600  3.4375  0.9291  3.7228  2.8299  2.4472  2.3163  2.2734
 181  0.861545  3.7577  3.4201  0.9372  3.7161  2.8170  2.4268  2.2922  2.2466
 182  0.861716  3.7554  3.4016  0.9468  3.7067  2.8006  2.4031  2.2648  2.2164
 183  0.861883  3.7534  3.3834  0.9569  3.6952  2.7822  2.3777  2.2360  2.1852
 184  0.862047  3.7516  3.3656  0.9676  3.6816  2.7617  2.3508  2.2059  2.1528
 185  0.862207  3.7500  3.3480  0.9789  3.6660  2.7396  2.3226  2.1748  2.1197
 186  0.862363  3.7485  3.3307  0.9905  3.6484  2.7160  2.2936  2.1432  2.0862
 187  0.862517  3.7472  3.3136  1.0025  3.6287  2.6907  2.2636  2.1110  2.0524
 188  0.862669  3.7461  3.2968  1.0147  3.6077  2.6646  2.2333  2.0787  2.0185
 189  0.862818  3.7450  3.2801  1.0271  3.5852  2.6374  2.2025  2.0460  1.9846
 190  0.862967  3.7440  3.2638  1.0397  3.5615  2.6093  2.1712  2.0131  1.9505
 191  0.863113  3.7431  3.2475  1.0525  3.5371  2.5809  2.1397  1.9802  1.9164
 192  0.863260  3.7423  3.2314  1.0652  3.5118  2.5517  2.1080  1.9471  1.8823
 193  0.863404  3.7415  3.2154  1.0782  3.4861  2.5223  2.0760  1.9139  1.8482
 194  0.863550  3.7408  3.1997  1.0910  3.4597  2.4924  2.0439  1.8807  1.8141
 195  0.863694  3.7401  3.1841  1.1040  3.4330  2.4624  2.0118  1.8475  1.7800
 196  0.863837  3.7395  3.1686  1.1170  3.4058  2.4321  1.9796  1.8142  1.7460
 197  0.863981  3.7388  3.1532  1.1301  3.3785  2.4015  1.9472  1.7809  1.7120
 198  0.864124  3.7383  3.1379  1.1432  3.3508  2.3708  1.9147  1.7476  1.6779
 199  0.864267  3.7378  3.1225  1.1564  3.3229  2.3399  1.8822  1.7143  1.6439
 200  0.864409  3.7372  3.1074  1.1695  3.2947  2.3088  1.8496  1.6808  1.6098
 201  0.864551  3.7367  3.0922  1.1827  3.2663  2.2775  1.8167  1.6473  1.5756
 202  0.864692  3.7362  3.0770  1.1960  3.2376  2.2460  1.7837  1.6135  1.5412
 203  0.864832  3.7357  3.0617  1.2094  3.2087  2.2143  1.7505  1.5796  1.5068
 204  0.864971  3.7352  3.0465  1.2228  3.1795  2.1824  1.7173  1.5456  1.4721
 205  0.865110  3.7348  3.0312  1.2363  3.1502  2.1502  1.6838  1.5114  1.4374
 206  0.865246  3.7343  3.0158  1.2500  3.1203  2.1176  1.6499  1.4768  1.4023
 207  0.865380  3.7339  3.0002  1.2639  3.0901  2.0845  1.6155  1.4417  1.3666
 208  0.865513  3.7334  2.9842  1.2779  3.0599  2.0513  1.5807  1.4062  1.3305
 209  0.865642  3.7329  2.9681  1.2921  3.0296  2.0177  1.5455  1.3702  1.2939
 210  0.865771  3.7324  2.9520  1.3063  2.9989  1.9839  1.5101  1.3341  1.2571
 211  0.865897  3.7319  2.9357  1.3208  2.9680  1.9497  1.4743  1.2975  1.2199
 212  0.866021  3.7314  2.9189  1.3354  2.9372  1.9154  1.4381  1.2604  1.1821
 213  0.866141  3.7309  2.9022  1.3503  2.9051  1.8800  1.4012  1.2226  1.1438
 214  0.866259  3.7304  2.8853  1.3653  2.8727  1.8442  1.3638  1.1845  1.1050
 215  0.866372  3.7299  2.8677  1.3806  2.8405  1.8083  1.3259  1.1456  1.0654
 216  0.866483  3.7293  2.8503  1.3960  2.8075  1.7717  1.2875  1.1064  1.0255
 217  0.866509  3.7292  2.8461  1.3997  2.7995  1.7628  1.2783  1.0969  1.0160
 218  0.866535  3.7291  2.8419  1.4035  2.7914  1.7540  1.2690  1.0875  1.0063
 219  0.866561  3.7289  2.8377  1.4072  2.7834  1.7451  1.2597  1.0780  0.9967
 220  0.866586  3.7288  2.8335  1.4110  2.7754  1.7362  1.2504  1.0685  0.9870
 221  0.866612  3.7287  2.8293  1.4147  2.7673  1.7273  1.2410  1.0589  0.9773
 222  0.866637  3.7286  2.8250  1.4185  2.7593  1.7184  1.2317  1.0493  0.9675
 223  0.866663  3.7285  2.8207  1.4223  2.7513  1.7094  1.2222  1.0396  0.9577
 224  0.866688  3.7283  2.8163  1.4261  2.7433  1.7005  1.2127  1.0300  0.9478
 225  0.866714  3.7282  2.8120  1.4300  2.7351  1.6913  1.2032  1.0202  0.9378
 226  0.866738  3.7281  2.8076  1.4338  2.7269  1.6823  1.1936  1.0104  0.9279
 227  0.866977  3.7267  2.7641  1.4721  2.6463  1.5922  1.0987  0.9131  0.8288
 228  0.867206  3.7253  2.7187  1.5121  2.5625  1.4981  0.9994  0.8114  0.7254
 229  0.867428  3.7239  2.6715  1.5538  2.4749  1.3999  0.8960  0.7055  0.6176
 230  0.867621  3.7226  2.6267  1.5934  2.3926  1.3072  0.7981  0.6052  0.5155
 231  0.867806  3.7212  2.5804  1.6342  2.3081  1.2115  0.6971  0.5016  0.4101
 232  0.867968  3.7199  2.5367  1.6727  2.2286  1.1213  0.6018  0.4041  0.3107
 233  0.868129  3.7185  2.4898  1.7138  2.1440  1.0250  0.4999  0.2996  0.2045
 234  0.868275  3.7169  2.4432  1.7544  2.0624  0.9309  0.3999  0.1970  0.0997
 235  0.868407  3.7154  2.3975  1.7940  1.9833  0.8391  0.3022  0.0966 -0.0026
 236  0.868532  3.7138  2.3511  1.8344  1.9032  0.7460  0.2030 -0.0054 -0.1067
 237  0.868648  3.7122  2.3047  1.8744  1.8256  0.6542  0.1044 -0.1069 -0.2105
 238  0.868753  3.7106  2.2589  1.9139  1.7499  0.5639  0.0072 -0.2072 -0.3129
 239  0.868851  3.7091  2.2131  1.9535  1.6753  0.4741 -0.0901 -0.3077 -0.4157
 240  0.868942  3.7075  2.1679  1.9925  1.6028  0.3858 -0.1860 -0.4069 -0.5171
 241  0.869026  3.7059  2.1226  2.0316  1.5312  0.2979 -0.2820 -0.5062 -0.6188
 242  0.869103  3.7044  2.0780  2.0701  1.4612  0.2114 -0.3765 -0.6040 -0.7188
 243  0.869176  3.7029  2.0327  2.1090  1.3911  0.1244 -0.4719 -0.7028 -0.8200
 244  0.869241  3.7013  1.9897  2.1460  1.3243  0.0418 -0.5623 -0.7966 -0.9160
 245  0.869303  3.6997  1.9463  2.1831  1.2584 -0.0405 -0.6528 -0.8903 -1.0121
 246  0.869360  3.6982  1.9051  2.2182  1.1967 -0.1180 -0.7382 -0.9790 -1.1031
 247  0.869413  3.6969  1.8701  2.2481  1.1439 -0.1843 -0.8111 -1.0546 -1.1805
 248  0.869463  3.6960  1.8435  2.2710  1.1025 -0.2351 -0.8668 -1.1124 -1.2398
 249  0.869511  3.6946  1.8060  2.3031  1.0455 -0.3058 -0.9450 -1.1934 -1.3230
 250  0.869557  3.6930  1.7631  2.3395  0.9837 -0.3846 -1.0328 -1.2848 -1.4171
 251  0.869599  3.6915  1.7243  2.3724  0.9295 -0.4555 -1.1122 -1.3675 -1.5022
 252  0.869638  3.6905  1.6965  2.3962  0.8907 -0.5072 -1.1698 -1.4275 -1.5638
 253  0.869677  3.6896  1.6713  2.4176  0.8574 -0.5532 -1.2214 -1.4813 -1.6191
 254  0.869714  3.6881  1.6317  2.4515  0.8039 -0.6257 -1.3029 -1.5663 -1.7065
 255  0.869749  3.6864  1.5864  2.4900  0.7455 -0.7074 -1.3953 -1.6629 -1.8059
 256  0.869780  3.6847  1.5420  2.5275  0.6908 -0.7867 -1.4855 -1.7573 -1.9031
 257  0.869809  3.6830  1.4982  2.5645  0.6393 -0.8640 -1.5740 -1.8502 -1.9988
 258  0.869835  3.6813  1.4556  2.6004  0.5915 -0.9383 -1.6599 -1.9404 -2.0919
 259  0.869860  3.6796  1.4135  2.6357  0.5481 -1.0097 -1.7438 -2.0290 -2.1833
 260  0.869882  3.6779  1.3725  2.6700  0.5076 -1.0786 -1.8254 -2.1154 -2.2726
 261  0.869904  3.6762  1.3319  2.7039  0.4693 -1.1459 -1.9058 -2.2007 -2.3609
 262  0.869923  3.6746  1.2923  2.7369  0.4335 -1.2106 -1.9837 -2.2836 -2.4468
 263  0.869942  3.6730  1.2533  2.7695  0.3996 -1.2739 -2.0602 -2.3650 -2.5312
 264  0.869958  3.6714  1.2153  2.8012  0.3680 -1.3351 -2.1344 -2.4443 -2.6135
 265  0.869974  3.6698  1.1779  2.8323  0.3382 -1.3946 -2.2071 -2.5219 -2.6941
 266  0.869988  3.6683  1.1411  2.8629  0.3101 -1.4526 -2.2781 -2.5978 -2.7730
 267  0.870002  3.6668  1.1052  2.8928  0.2839 -1.5089 -2.3474 -2.6721 -2.8503
 268  0.870015  3.6653  1.0700  2.9221  0.2594 -1.5636 -2.4151 -2.7447 -2.9258
 269  0.870026  3.6638  1.0354  2.9507  0.2373 -1.6162 -2.4808 -2.8154 -2.9995
 270  0.870037  3.6623  1.0010  2.9791  0.2171 -1.6676 -2.5457 -2.8854 -3.0726
 271  0.870048  3.6608  0.9675  3.0067  0.1990 -1.7169 -2.6083 -2.9532 -3.1435
 272  0.870058  3.6593  0.9343  3.0339  0.1843 -1.7641 -2.6696 -3.0198 -3.2133
 273  0.870067  3.6578  0.9017  3.0604  0.1719 -1.8094 -2.7290 -3.0846 -3.2813
 274  0.870075  3.6563  0.8697  3.0866  0.1615 -1.8531 -2.7872 -3.1484 -3.3483
 275  0.870084  3.6549  0.8382  3.1121  0.1530 -1.8952 -2.8438 -3.2106 -3.4139
 276  0.870091  3.6534  0.8075  3.1371  0.1460 -1.9356 -2.8989 -3.2712 -3.4779
 277  0.870098  3.6520  0.7777  3.1613  0.1405 -1.9743 -2.9522 -3.3301 -3.5401
 278  0.870106  3.6507  0.7490  3.1847  0.1365 -2.0110 -3.0031 -3.3866 -3.5998
