#NUMBER OF AGES= 1 MAGS= 5
#----------------------------------------------------       
#MIX-LEN  Y      Z          Zeff        [Fe/H] [a/Fe]
# 1.9380  0.2452 9.7097E-05 9.7097E-05  -2.32   0.00 
#----------------------------------------------------       
#**PHOTOMETRIC SYSTEM**: SDSS (AB)
#----------------------------------------------------       
#AGE=14.200 EEPS=266
#EEP   M/Mo    LogTeff  LogG   LogL/Lo sdss_u  sdss_g  sdss_r  sdss_i  sdss_z
  14  0.107456  3.5507  5.3673 -2.7418 17.3783 13.7482 12.1220 11.4662 11.1044
  15  0.117399  3.5616  5.3231 -2.6157 16.6357 13.3078 11.7556 11.1496 10.8086
  16  0.127944  3.5719  5.2804 -2.4949 15.9659 12.8858 11.4123 10.8445 10.5211
  17  0.138658  3.5804  5.2428 -2.3881 15.3903 12.5149 11.1146 10.5749 10.2651
  18  0.148984  3.5868  5.2120 -2.3004 14.9443 12.2161 10.8737 10.3534 10.0534
  19  0.158339  3.5914  5.1879 -2.2316 14.6380 11.9907 10.6869 10.1793  9.8860
  20  0.167187  3.5949  5.1677 -2.1737 14.3977 11.8061 10.5311 10.0329  9.7447
  21  0.176627  3.5980  5.1485 -2.1181 14.1735 11.6313 10.3821  9.8920  9.6086
  22  0.194356  3.6029  5.1190 -2.0285 13.8093 11.3499 10.1412  9.6644  9.3884
  23  0.214562  3.6076  5.0907 -1.9394 13.4538 11.0728  9.9024  9.4379  9.1689
  24  0.229089  3.6108  5.0712 -1.8771 13.2181 10.8827  9.7363  9.2798  9.0159
  25  0.258402  3.6162  5.0419 -1.7740 12.8349 10.5671  9.4593  9.0164  8.7613
  26  0.281858  3.6200  5.0229 -1.7016 12.5701 10.3472  9.2649  8.8312  8.5825
  27  0.304179  3.6234  5.0078 -1.6400 12.3445 10.1593  9.0987  8.6735  8.4303
  28  0.319358  3.6254  4.9988 -1.6014 12.2027 10.0419  8.9947  8.5746  8.3349
  29  0.329337  3.6268  4.9931 -1.5771 12.1138  9.9683  8.9292  8.5123  8.2748
  30  0.337891  3.6279  4.9885 -1.5568 12.0389  9.9068  8.8745  8.4602  8.2246
  31  0.345858  3.6290  4.9845 -1.5383 11.9697  9.8505  8.8246  8.4130  8.1790
  32  0.352497  3.6300  4.9813 -1.5232 11.9118  9.8037  8.7834  8.3739  8.1416
  33  0.357208  3.6307  4.9788 -1.5121 11.8690  9.7695  8.7532  8.3455  8.1143
  34  0.360666  3.6313  4.9764 -1.5033 11.8347  9.7420  8.7292  8.3229  8.0927
  35  0.363425  3.6317  4.9741 -1.4957 11.8048  9.7183  8.7085  8.3034  8.0740
  36  0.365854  3.6323  4.9718 -1.4886 11.7771  9.6963  8.6893  8.2853  8.0567
  37  0.368270  3.6327  4.9694 -1.4816 11.7499  9.6745  8.6701  8.2672  8.0393
  38  0.371023  3.6331  4.9666 -1.4740 11.7223  9.6520  8.6499  8.2479  8.0206
  39  0.375101  3.6337  4.9624 -1.4626 11.6806  9.6174  8.6190  8.2185  7.9923
  40  0.379782  3.6346  4.9549 -1.4460 11.6195  9.5670  8.5744  8.1762  7.9514
  41  0.391692  3.6370  4.9417 -1.4094 11.4749  9.4497  8.4735  8.0817  7.8611
  42  0.402701  3.6394  4.9283 -1.3744 11.3377  9.3382  8.3770  7.9915  7.7750
  43  0.410797  3.6414  4.9181 -1.3479 11.2317  9.2532  8.3037  7.9231  7.7099
  44  0.421867  3.6442  4.9046 -1.3113 11.0818  9.1347  8.2021  7.8285  7.6203
  45  0.432647  3.6473  4.8919 -1.2751 10.9281  9.0165  8.1011  7.7351  7.5320
  46  0.446233  3.6517  4.8751 -1.2275 10.7209  8.8598  7.9681  7.6123  7.4163
  47  0.458178  3.6558  4.8599 -1.1844 10.5293  8.7174  7.8476  7.5012  7.3119
  48  0.468159  3.6597  4.8468 -1.1464 10.3550  8.5901  7.7409  7.4036  7.2205
  49  0.477199  3.6634  4.8348 -1.1112 10.1921  8.4722  7.6424  7.3136  7.1365
  50  0.485366  3.6670  4.8240 -1.0788 10.0408  8.3633  7.5518  7.2312  7.0597
  51  0.495119  3.6718  4.8122 -1.0388  9.8446  8.2253  7.4388  7.1293  6.9656
  52  0.501445  3.6753  4.8048 -1.0124  9.7128  8.1338  7.3644  7.0624  6.9040
  53  0.506818  3.6781  4.7985 -0.9900  9.6013  8.0566  7.3015  7.0059  6.8519
  54  0.511645  3.6807  4.7928 -0.9696  9.4990  7.9862  7.2444  6.9547  6.8048
  55  0.516146  3.6832  4.7874 -0.9504  9.4042  7.9207  7.1912  6.9068  6.7608
  56  0.520461  3.6857  4.7823 -0.9317  9.3109  7.8566  7.1393  6.8604  6.7181
  57  0.524700  3.6881  4.7771 -0.9133  9.2206  7.7942  7.0886  6.8149  6.6762
  58  0.528917  3.6907  4.7721 -0.8948  9.1294  7.7312  7.0376  6.7692  6.6344
  59  0.533143  3.6932  4.7670 -0.8761  9.0392  7.6685  6.9867  6.7237  6.5925
  60  0.537408  3.6958  4.7620 -0.8572  8.9475  7.6046  6.9350  6.6776  6.5501
  61  0.541715  3.6984  4.7568 -0.8380  8.8556  7.5404  6.8830  6.6310  6.5075
  62  0.546068  3.7011  4.7516 -0.8186  8.7626  7.4756  6.8305  6.5841  6.4645
  63  0.550442  3.7038  4.7464 -0.7990  8.6697  7.4109  6.7781  6.5371  6.4213
  64  0.554816  3.7065  4.7411 -0.7794  8.5774  7.3463  6.7256  6.4901  6.3780
  65  0.559163  3.7093  4.7358 -0.7597  8.4860  7.2821  6.6736  6.4434  6.3351
  66  0.563468  3.7120  4.7305 -0.7402  8.3964  7.2184  6.6219  6.3970  6.2925
  67  0.567720  3.7147  4.7252 -0.7208  8.3083  7.1555  6.5708  6.3513  6.2504
  68  0.571909  3.7174  4.7200 -0.7015  8.2224  7.0936  6.5206  6.3062  6.2090
  69  0.576038  3.7201  4.7147 -0.6825  8.1384  7.0327  6.4710  6.2617  6.1681
  70  0.580098  3.7227  4.7094 -0.6636  8.0571  6.9732  6.4224  6.2180  6.1279
  71  0.584084  3.7253  4.7041 -0.6452  7.9783  6.9150  6.3746  6.1749  6.0882
  72  0.587994  3.7278  4.6988 -0.6269  7.9023  6.8583  6.3279  6.1326  6.0491
  73  0.591827  3.7302  4.6935 -0.6090  7.8286  6.8029  6.2820  6.0912  6.0106
  74  0.595583  3.7326  4.6882 -0.5913  7.7574  6.7488  6.2371  6.0505  5.9729
  75  0.599259  3.7350  4.6829 -0.5740  7.6884  6.6960  6.1932  6.0106  5.9359
  76  0.602855  3.7373  4.6776 -0.5569  7.6215  6.6443  6.1501  5.9715  5.8997
  77  0.606373  3.7395  4.6723 -0.5402  7.5564  6.5935  6.1078  5.9331  5.8641
  78  0.609813  3.7417  4.6669 -0.5237  7.4931  6.5438  6.0664  5.8955  5.8292
  79  0.613178  3.7438  4.6616 -0.5075  7.4317  6.4951  6.0257  5.8585  5.7949
  80  0.616470  3.7459  4.6562 -0.4915  7.3721  6.4475  5.9857  5.8222  5.7612
  81  0.619694  3.7479  4.6509 -0.4758  7.3144  6.4010  5.9465  5.7864  5.7279
  82  0.624334  3.7507  4.6429 -0.4531  7.2323  6.3341  5.8897  5.7345  5.6793
  83  0.628963  3.7536  4.6347 -0.4301  7.1513  6.2674  5.8329  5.6824  5.6307
  84  0.633582  3.7565  4.6262 -0.4071  7.0702  6.2002  5.7759  5.6302  5.5820
  85  0.638188  3.7593  4.6174 -0.3838  6.9889  6.1326  5.7189  5.5784  5.5336
  86  0.642775  3.7621  4.6084 -0.3605  6.9080  6.0649  5.6617  5.5262  5.4851
  87  0.647336  3.7649  4.5992 -0.3370  6.8287  5.9975  5.6043  5.4737  5.4360
  88  0.651861  3.7677  4.5897 -0.3136  6.7514  5.9306  5.5466  5.4205  5.3861
  89  0.656331  3.7704  4.5800 -0.2899  6.6757  5.8641  5.4889  5.3671  5.3358
  90  0.660739  3.7731  4.5702 -0.2664  6.6012  5.7978  5.4312  5.3136  5.2854
  91  0.665075  3.7758  4.5600 -0.2428  6.5277  5.7317  5.3736  5.2601  5.2350
  92  0.669337  3.7784  4.5496 -0.2192  6.4550  5.6658  5.3160  5.2066  5.1845
  93  0.673521  3.7809  4.5390 -0.1956  6.3829  5.6002  5.2584  5.1531  5.1339
  94  0.677621  3.7834  4.5280 -0.1719  6.3117  5.5347  5.2008  5.0995  5.0833
  95  0.681637  3.7859  4.5168 -0.1482  6.2414  5.4693  5.1432  5.0458  5.0324
  96  0.685564  3.7883  4.5051 -0.1245  6.1721  5.4041  5.0855  4.9918  4.9812
  97  0.689402  3.7906  4.4931 -0.1008  6.1040  5.3391  5.0276  4.9375  4.9297
  98  0.693151  3.7929  4.4807 -0.0770  6.0368  5.2742  4.9695  4.8830  4.8778
  99  0.696806  3.7951  4.4679 -0.0531  5.9703  5.2094  4.9113  4.8281  4.8256
 100  0.700366  3.7972  4.4546 -0.0293  5.9043  5.1447  4.8532  4.7734  4.7733
 101  0.703823  3.7992  4.4409 -0.0055  5.8383  5.0802  4.7954  4.7189  4.7212
 102  0.707176  3.8011  4.4269  0.0182  5.7729  5.0160  4.7379  4.6646  4.6693
 103  0.710417  3.8030  4.4126  0.0419  5.7082  4.9520  4.6805  4.6104  4.6173
 104  0.713549  3.8047  4.3978  0.0656  5.6448  4.8886  4.6230  4.5559  4.5649
 105  0.716569  3.8063  4.3826  0.0890  5.5827  4.8257  4.5655  4.5011  4.5122
 106  0.719481  3.8078  4.3671  0.1125  5.5219  4.7633  4.5079  4.4460  4.4590
 107  0.722286  3.8092  4.3511  0.1357  5.4621  4.7014  4.4504  4.3907  4.4054
 108  0.724987  3.8105  4.3349  0.1589  5.4033  4.6401  4.3931  4.3356  4.3519
 109  0.727590  3.8117  4.3182  0.1819  5.3452  4.5795  4.3360  4.2804  4.2981
 110  0.730098  3.8128  4.3012  0.2047  5.2878  4.5194  4.2792  4.2253  4.2444
 111  0.732519  3.8137  4.2837  0.2274  5.2310  4.4598  4.2226  4.1704  4.1907
 112  0.733193  3.8140  4.2787  0.2338  5.2150  4.4430  4.2065  4.1547  4.1753
 113  0.733866  3.8142  4.2736  0.2404  5.1987  4.4259  4.1903  4.1389  4.1598
 114  0.734535  3.8145  4.2685  0.2468  5.1828  4.4090  4.1742  4.1231  4.1444
 115  0.735203  3.8147  4.2633  0.2533  5.1666  4.3920  4.1579  4.1073  4.1288
 116  0.735868  3.8150  4.2580  0.2601  5.1500  4.3745  4.1412  4.0911  4.1130
 117  0.736529  3.8152  4.2528  0.2666  5.1337  4.3573  4.1248  4.0750  4.0972
 118  0.737187  3.8154  4.2475  0.2733  5.1172  4.3398  4.1081  4.0588  4.0813
 119  0.737841  3.8157  4.2422  0.2801  5.1002  4.3219  4.0911  4.0423  4.0651
 120  0.738492  3.8160  4.2368  0.2869  5.0834  4.3041  4.0742  4.0259  4.0490
 121  0.739138  3.8163  4.2315  0.2937  5.0664  4.2861  4.0572  4.0093  4.0329
 122  0.739777  3.8167  4.2262  0.3008  5.0488  4.2673  4.0396  3.9923  4.0163
 123  0.740411  3.8170  4.2209  0.3079  5.0313  4.2488  4.0221  3.9754  3.9998
 124  0.741039  3.8173  4.2155  0.3150  5.0135  4.2298  4.0043  3.9582  3.9831
 125  0.741663  3.8177  4.2101  0.3223  4.9955  4.2106  3.9864  3.9410  3.9663
 126  0.742282  3.8181  4.2047  0.3296  4.9775  4.1911  3.9683  3.9236  3.9494
 127  0.742896  3.8184  4.1991  0.3370  4.9593  4.1716  3.9500  3.9060  3.9323
 128  0.743505  3.8188  4.1934  0.3444  4.9410  4.1519  3.9315  3.8881  3.9149
 129  0.744109  3.8191  4.1873  0.3519  4.9226  4.1322  3.9129  3.8699  3.8970
 130  0.744707  3.8193  4.1809  0.3595  4.9042  4.1124  3.8939  3.8514  3.8789
 131  0.745298  3.8194  4.1741  0.3672  4.8856  4.0926  3.8747  3.8325  3.8601
 132  0.745883  3.8195  4.1670  0.3750  4.8669  4.0727  3.8553  3.8132  3.8410
 133  0.746462  3.8196  4.1597  0.3828  4.8481  4.0526  3.8355  3.7938  3.8216
 134  0.747034  3.8196  4.1522  0.3907  4.8291  4.0325  3.8157  3.7740  3.8018
 135  0.747601  3.8195  4.1445  0.3986  4.8101  4.0123  3.7956  3.7540  3.7818
 136  0.748161  3.8195  4.1365  0.4067  4.7909  3.9921  3.7753  3.7337  3.7615
 137  0.748713  3.8194  4.1284  0.4148  4.7717  3.9716  3.7548  3.7130  3.7407
 138  0.749259  3.8192  4.1200  0.4230  4.7522  3.9511  3.7340  3.6922  3.7197
 139  0.749797  3.8190  4.1112  0.4312  4.7327  3.9306  3.7130  3.6709  3.6982
 140  0.750327  3.8188  4.1021  0.4395  4.7130  3.9100  3.6918  3.6493  3.6763
 141  0.750848  3.8185  4.0927  0.4479  4.6933  3.8894  3.6703  3.6274  3.6541
 142  0.751361  3.8181  4.0830  0.4564  4.6735  3.8688  3.6486  3.6052  3.6314
 143  0.751865  3.8176  4.0731  0.4649  4.6535  3.8480  3.6268  3.5827  3.6083
 144  0.752359  3.8171  4.0628  0.4736  4.6335  3.8273  3.6046  3.5598  3.5849
 145  0.752843  3.8165  4.0521  0.4822  4.6135  3.8065  3.5823  3.5366  3.5611
 146  0.753317  3.8159  4.0411  0.4910  4.5935  3.7857  3.5598  3.5132  3.5369
 147  0.753779  3.8152  4.0296  0.4998  4.5736  3.7650  3.5372  3.4896  3.5123
 148  0.754230  3.8144  4.0177  0.5087  4.5537  3.7442  3.5145  3.4656  3.4875
 149  0.754670  3.8134  4.0054  0.5176  4.5339  3.7236  3.4915  3.4415  3.4622
 150  0.755097  3.8124  3.9926  0.5266  4.5143  3.7031  3.4686  3.4170  3.4366
 151  0.755511  3.8113  3.9792  0.5356  4.4949  3.6827  3.4454  3.3922  3.4105
 152  0.755913  3.8101  3.9653  0.5447  4.4755  3.6625  3.4221  3.3672  3.3840
 153  0.756301  3.8087  3.9509  0.5539  4.4565  3.6424  3.3986  3.3416  3.3569
 154  0.756676  3.8072  3.9359  0.5632  4.4375  3.6226  3.3749  3.3158  3.3293
 155  0.757036  3.8056  3.9204  0.5724  4.4187  3.6029  3.3511  3.2898  3.3012
 156  0.757383  3.8038  3.9043  0.5816  4.4004  3.5837  3.3273  3.2633  3.2728
 157  0.757716  3.8019  3.8877  0.5909  4.3823  3.5647  3.3034  3.2367  3.2439
 158  0.758037  3.7999  3.8704  0.6002  4.3645  3.5461  3.2795  3.2098  3.2146
 159  0.758343  3.7978  3.8528  0.6096  4.3475  3.5277  3.2556  3.1827  3.1849
 160  0.758637  3.7955  3.8345  0.6188  4.3311  3.5098  3.2316  3.1554  3.1549
 161  0.758919  3.7931  3.8157  0.6282  4.3155  3.4923  3.2075  3.1277  3.1243
 162  0.759134  3.7910  3.8001  0.6356  4.3042  3.4792  3.1883  3.1052  3.0993
 163  0.759347  3.7887  3.7833  0.6431  4.2938  3.4666  3.1686  3.0817  3.0731
 164  0.759556  3.7860  3.7653  0.6507  4.2845  3.4544  3.1484  3.0574  3.0456
 165  0.759762  3.7832  3.7463  0.6585  4.2766  3.4428  3.1277  3.0321  3.0169
 166  0.759965  3.7801  3.7262  0.6663  4.2698  3.4315  3.1067  3.0063  2.9873
 167  0.760166  3.7771  3.7062  0.6744  4.2627  3.4196  3.0857  2.9806  2.9581
 168  0.760364  3.7742  3.6863  0.6826  4.2559  3.4071  3.0643  2.9545  2.9286
 169  0.760558  3.7714  3.6669  0.6912  4.2487  3.3940  3.0424  2.9281  2.8988
 170  0.760750  3.7688  3.6477  0.6999  4.2409  3.3801  3.0200  2.9015  2.8689
 171  0.760937  3.7662  3.6284  0.7089  4.2325  3.3654  2.9973  2.8747  2.8390
 172  0.761119  3.7637  3.6094  0.7182  4.2229  3.3497  2.9740  2.8476  2.8089
 173  0.761297  3.7613  3.5905  0.7277  4.2124  3.3330  2.9501  2.8200  2.7785
 174  0.761468  3.7592  3.5720  0.7376  4.2006  3.3149  2.9256  2.7920  2.7480
 175  0.761633  3.7571  3.5537  0.7477  4.1878  3.2959  2.9003  2.7636  2.7171
 176  0.761792  3.7552  3.5358  0.7583  4.1739  3.2757  2.8742  2.7347  2.6860
 177  0.761945  3.7535  3.5183  0.7689  4.1590  3.2547  2.8476  2.7053  2.6544
 178  0.762092  3.7519  3.5012  0.7798  4.1434  3.2329  2.8203  2.6752  2.6223
 179  0.762235  3.7505  3.4844  0.7909  4.1272  3.2105  2.7924  2.6447  2.5901
 180  0.762373  3.7491  3.4679  0.8021  4.1099  3.1873  2.7642  2.6140  2.5577
 181  0.762507  3.7479  3.4518  0.8135  4.0915  3.1634  2.7357  2.5833  2.5255
 182  0.762648  3.7467  3.4349  0.8258  4.0706  3.1371  2.7051  2.5506  2.4912
 183  0.762787  3.7457  3.4181  0.8383  4.0483  3.1098  2.6738  2.5175  2.4567
 184  0.762924  3.7447  3.4014  0.8510  4.0248  3.0817  2.6422  2.4841  2.4221
 185  0.763060  3.7437  3.3849  0.8639  4.0001  3.0526  2.6102  2.4505  2.3873
 186  0.763196  3.7429  3.3685  0.8770  3.9745  3.0230  2.5777  2.4168  2.3525
 187  0.763331  3.7421  3.3522  0.8901  3.9482  2.9930  2.5451  2.3829  2.3176
 188  0.763465  3.7413  3.3361  0.9034  3.9213  2.9625  2.5123  2.3488  2.2826
 189  0.763598  3.7406  3.3199  0.9168  3.8938  2.9315  2.4792  2.3146  2.2476
 190  0.763731  3.7400  3.3039  0.9302  3.8658  2.9002  2.4458  2.2803  2.2125
 191  0.763863  3.7394  3.2881  0.9437  3.8374  2.8686  2.4124  2.2459  2.1774
 192  0.763996  3.7388  3.2722  0.9573  3.8086  2.8368  2.3788  2.2114  2.1422
 193  0.764128  3.7383  3.2565  0.9708  3.7795  2.8047  2.3451  2.1769  2.1069
 194  0.764259  3.7377  3.2408  0.9844  3.7502  2.7725  2.3113  2.1423  2.0717
 195  0.764390  3.7372  3.2252  0.9981  3.7205  2.7400  2.2774  2.1076  2.0364
 196  0.764521  3.7366  3.2095  1.0119  3.6906  2.7073  2.2432  2.0727  2.0009
 197  0.764651  3.7362  3.1939  1.0257  3.6604  2.6744  2.2089  2.0378  1.9654
 198  0.764782  3.7358  3.1783  1.0396  3.6300  2.6414  2.1747  2.0028  1.9299
 199  0.764911  3.7353  3.1627  1.0534  3.5994  2.6081  2.1402  1.9676  1.8942
 200  0.765040  3.7349  3.1471  1.0674  3.5686  2.5748  2.1056  1.9324  1.8585
 201  0.765170  3.7345  3.1316  1.0814  3.5375  2.5413  2.0710  1.8972  1.8228
 202  0.765297  3.7340  3.1157  1.0957  3.5059  2.5070  2.0355  1.8612  1.7862
 203  0.765422  3.7336  3.0996  1.1101  3.4736  2.4722  1.9995  1.8247  1.7491
 204  0.765544  3.7332  3.0832  1.1249  3.4407  2.4367  1.9630  1.7874  1.7114
 205  0.765667  3.7328  3.0669  1.1396  3.4080  2.4012  1.9263  1.7502  1.6737
 206  0.765787  3.7324  3.0505  1.1546  3.3744  2.3650  1.8891  1.7124  1.6355
 207  0.765905  3.7320  3.0336  1.1700  3.3402  2.3282  1.8512  1.6739  1.5964
 208  0.766018  3.7316  3.0162  1.1857  3.3052  2.2904  1.8121  1.6342  1.5562
 209  0.766129  3.7312  2.9986  1.2016  3.2698  2.2520  1.7724  1.5939  1.5154
 210  0.766236  3.7307  2.9804  1.2179  3.2341  2.2130  1.7319  1.5527  1.4736
 211  0.766340  3.7302  2.9619  1.2345  3.1980  2.1735  1.6908  1.5108  1.4309
 212  0.766441  3.7297  2.9431  1.2514  3.1611  2.1333  1.6490  1.4682  1.3878
 213  0.766540  3.7291  2.9239  1.2684  3.1247  2.0930  1.6067  1.4250  1.3439
 214  0.766635  3.7286  2.9047  1.2857  3.0870  2.0517  1.5639  1.3813  1.2995
 215  0.766728  3.7281  2.8853  1.3031  3.0490  2.0101  1.5205  1.3371  1.2546
 216  0.766818  3.7276  2.8654  1.3207  3.0112  1.9683  1.4767  1.2924  1.2092
 217  0.766838  3.7274  2.8607  1.3250  3.0023  1.9583  1.4663  1.2817  1.1984
 218  0.766859  3.7273  2.8560  1.3291  2.9933  1.9483  1.4558  1.2710  1.1875
 219  0.766880  3.7271  2.8512  1.3334  2.9843  1.9383  1.4453  1.2602  1.1766
 220  0.766900  3.7270  2.8464  1.3377  2.9751  1.9282  1.4347  1.2495  1.1656
 221  0.766921  3.7269  2.8417  1.3419  2.9658  1.9180  1.4241  1.2387  1.1547
 222  0.766941  3.7268  2.8369  1.3462  2.9565  1.9078  1.4135  1.2278  1.1436
 223  0.766961  3.7267  2.8321  1.3505  2.9473  1.8975  1.4028  1.2168  1.1325
 224  0.766981  3.7265  2.8273  1.3548  2.9379  1.8873  1.3920  1.2059  1.1214
 225  0.767001  3.7264  2.8224  1.3592  2.9288  1.8771  1.3812  1.1948  1.1101
 226  0.767021  3.7262  2.8173  1.3636  2.9197  1.8669  1.3705  1.1837  1.0988
 227  0.767198  3.7250  2.7725  1.4036  2.8342  1.7720  1.2711  1.0822  0.9957
 228  0.767376  3.7235  2.7224  1.4479  2.7408  1.6676  1.1611  0.9697  0.8812
 229  0.767531  3.7222  2.6751  1.4901  2.6517  1.5680  1.0566  0.8628  0.7726
 230  0.767675  3.7209  2.6266  1.5331  2.5616  1.4669  0.9501  0.7538  0.6618
 231  0.767810  3.7194  2.5769  1.5771  2.4704  1.3636  0.8413  0.6424  0.5483
 232  0.767932  3.7180  2.5282  1.6204  2.3804  1.2620  0.7343  0.5330  0.4371
 233  0.768042  3.7165  2.4797  1.6630  2.2929  1.1622  0.6288  0.4249  0.3272
 234  0.768145  3.7150  2.4307  1.7061  2.2052  1.0618  0.5226  0.3161  0.2163
 235  0.768241  3.7133  2.3801  1.7498  2.1185  0.9607  0.4149  0.2053  0.1033
 236  0.768325  3.7117  2.3316  1.7922  2.0353  0.8632  0.3107  0.0982 -0.0060
 237  0.768404  3.7101  2.2825  1.8347  1.9532  0.7657  0.2059 -0.0097 -0.1162
 238  0.768477  3.7085  2.2331  1.8775  1.8720  0.6683  0.1008 -0.1182 -0.2271
 239  0.768543  3.7068  2.1848  1.9194  1.7935  0.5733 -0.0023 -0.2246 -0.3359
 240  0.768604  3.7052  2.1359  1.9618  1.7152  0.4778 -0.1063 -0.3322 -0.4459
 241  0.768661  3.7036  2.0877  2.0035  1.6385  0.3836 -0.2088 -0.4382 -0.5543
 242  0.768711  3.7020  2.0409  2.0439  1.5642  0.2927 -0.3079 -0.5407 -0.6591
 243  0.768757  3.7003  1.9945  2.0839  1.4916  0.2034 -0.4055 -0.6417 -0.7625
 244  0.768801  3.6988  1.9501  2.1220  1.4230  0.1183 -0.4986 -0.7382 -0.8613
 245  0.768841  3.6974  1.9119  2.1549  1.3642  0.0451 -0.5787 -0.8211 -0.9462
 246  0.768878  3.6963  1.8790  2.1832  1.3130 -0.0179 -0.6478 -0.8926 -1.0195
 247  0.768914  3.6947  1.8360  2.2200  1.2477 -0.0989 -0.7371 -0.9853 -1.1147
 248  0.768947  3.6930  1.7908  2.2584  1.1817 -0.1827 -0.8302 -1.0820 -1.2141
 249  0.768977  3.6916  1.7522  2.2915  1.1267 -0.2543 -0.9100 -1.1651 -1.2993
 250  0.769005  3.6906  1.7241  2.3155  1.0878 -0.3064 -0.9680 -1.2254 -1.3613
 251  0.769032  3.6893  1.6879  2.3465  1.0373 -0.3736 -1.0430 -1.3033 -1.4414
 252  0.769059  3.6876  1.6416  2.3860  0.9747 -0.4582 -1.1381 -1.4026 -1.5435
 253  0.769083  3.6858  1.5940  2.4266  0.9129 -0.5447 -1.2355 -1.5043 -1.6482
 254  0.769104  3.6841  1.5483  2.4654  0.8559 -0.6268 -1.3288 -1.6018 -1.7486
 255  0.769124  3.6824  1.5030  2.5038  0.8022 -0.7072 -1.4207 -1.6982 -1.8478
 256  0.769164  3.6807  1.4583  2.5416  0.7516 -0.7854 -1.5110 -1.7931 -1.9455
 257  0.769181  3.6789  1.4146  2.5782  0.7060 -0.8600 -1.5984 -1.8854 -2.0408
 258  0.769196  3.6772  1.3715  2.6145  0.6632 -0.9327 -1.6844 -1.9764 -2.1348
 259  0.769210  3.6754  1.3291  2.6499  0.6230 -1.0029 -1.7682 -2.0653 -2.2268
 260  0.769224  3.6737  1.2878  2.6845  0.5854 -1.0709 -1.8499 -2.1521 -2.3168
 261  0.769236  3.6721  1.2473  2.7184  0.5501 -1.1369 -1.9295 -2.2368 -2.4046
 262  0.769246  3.6704  1.2073  2.7517  0.5168 -1.2012 -2.0076 -2.3201 -2.4911
 263  0.769256  3.6688  1.1685  2.7842  0.4857 -1.2634 -2.0833 -2.4010 -2.5750
 264  0.769267  3.6672  1.1300  2.8163  0.4563 -1.3243 -2.1577 -2.4807 -2.6578
 265  0.769275  3.6656  1.0924  2.8477  0.4289 -1.3833 -2.2303 -2.5583 -2.7386
 266  0.769283  3.6641  1.0555  2.8783  0.4036 -1.4403 -2.3010 -2.6343 -2.8176
 267  0.769291  3.6626  1.0193  2.9084  0.3807 -1.4954 -2.3698 -2.7084 -2.8949
 268  0.769298  3.6610  0.9836  2.9379  0.3599 -1.5488 -2.4373 -2.7811 -2.9708
 269  0.769305  3.6595  0.9486  2.9667  0.3423 -1.5998 -2.5026 -2.8518 -3.0448
 270  0.769311  3.6579  0.9138  2.9953  0.3276 -1.6491 -2.5667 -2.9216 -3.1180
 271  0.769318  3.6564  0.8796  3.0232  0.3153 -1.6962 -2.6290 -2.9896 -3.1895
 272  0.769324  3.6548  0.8463  3.0505  0.3048 -1.7417 -2.6896 -3.0561 -3.2594
 273  0.769329  3.6533  0.8135  3.0772  0.2963 -1.7855 -2.7486 -3.1210 -3.3278
 274  0.769334  3.6518  0.7812  3.1036  0.2891 -1.8279 -2.8066 -3.1849 -3.3952
 275  0.769338  3.6504  0.7499  3.1292  0.2838 -1.8685 -2.8626 -3.2470 -3.4607
 276  0.769343  3.6490  0.7191  3.1542  0.2797 -1.9077 -2.9172 -3.3076 -3.5247
 277  0.769347  3.6476  0.6892  3.1787  0.2763 -1.9454 -2.9702 -3.3666 -3.5871
 278  0.769351  3.6463  0.6606  3.2021  0.2734 -1.9815 -3.0210 -3.4230 -3.6469
 279  0.769354  3.6451  0.6347  3.2232  0.2710 -2.0139 -3.0666 -3.4739 -3.7007
